"ALambda_0","D_X","E850","SAC","SH2","SI","SIC","SIN","SIP","SLambda_0","SS","Su","U:0","U:1","U:2","XI","XI_VS","XI_alpha","XPB","XPB_VS","XPB_alpha","XS","XS_VS","XS_alpha","alpha.water","alphas","appXPB","p","p_rgh","sourceXI_alpha","sourceXPB_alpha","sourceXS_alpha","sumParticulates","vtkValidPointMask","arc_length","Points:0","Points:1","Points:2"
6762.9,1.728e-11,0.71026,0.61932,0,0.20427,0.0074358,0.039147,0.01057,1619.9,0.15035,0,-2.856e-13,6.0714e-15,0,10.898,10.185,0.13903,64.605,36.295,0.82424,3.3223,3.1049,0.042386,0,0.32045,0.10544,21.161,21.161,1.5054e-07,1.2203e-06,5.1105e-07,1.0057,1,0,0.0015,0,5e-06
6762.8,1.728e-11,0.72994,0.61933,0,0.20427,0.0074358,0.039147,0.01057,1619.9,0.15035,0,-2.0891e-13,2.7327e-14,0,10.898,10.185,0.13903,64.605,36.295,0.82424,3.3223,3.1049,0.042386,0,0.32045,0.10896,21.132,21.162,1.5054e-07,1.2611e-06,5.1105e-07,1.0057,1,3e-06,0.0015,3e-06,5e-06
6762.8,1.728e-11,0.74961,0.61933,0,0.20427,0.0074357,0.039147,0.01057,1619.9,0.15036,0,-1.3222e-13,4.8583e-14,0,10.898,10.185,0.13903,64.605,36.295,0.82424,3.3222,3.1049,0.042386,0,0.32045,0.11248,21.103,21.162,1.5054e-07,1.3018e-06,5.1105e-07,1.0057,1,6e-06,0.0015,6e-06,5e-06
6762.8,1.728e-11,0.77535,0.61934,0,0.20427,0.0074355,0.039147,0.01057,1619.9,0.15036,0,4.1295e-14,9.082e-14,0,10.897,10.185,0.13903,64.605,36.295,0.82424,3.3222,3.1049,0.042385,0,0.32045,0.11706,21.074,21.163,1.5053e-07,1.3549e-06,5.1105e-07,1.0057,1,9e-06,0.0015,9e-06,5e-06
6762.8,1.728e-11,0.80716,0.61935,0,0.20427,0.0074353,0.039147,0.010571,1619.9,0.15036,0,3.1163e-13,1.5404e-13,0,10.897,10.184,0.13903,64.605,36.295,0.82423,3.3222,3.1048,0.042385,0,0.32045,0.12272,21.045,21.164,1.5053e-07,1.4204e-06,5.1105e-07,1.0057,1,1.2e-05,0.0015,1.2e-05,5e-06
6762.8,1.728e-11,0.83896,0.61935,0,0.20427,0.0074351,0.039147,0.010571,1619.9,0.15037,0,5.8197e-13,2.1726e-13,0,10.897,10.184,0.13903,64.604,36.295,0.82423,3.3221,3.1048,0.042384,0,0.32044,0.12837,21.016,21.165,1.5053e-07,1.4858e-06,5.1105e-07,1.0056,1,1.5e-05,0.0015,1.5e-05,5e-06
6762.7,1.728e-11,0.86628,0.61937,0,0.20427,0.0074347,0.039148,0.010571,1619.9,0.15038,0,1.0188e-12,3.2009e-13,0,10.897,10.184,0.13903,64.604,36.294,0.82423,3.3221,3.1047,0.042383,0,0.32044,0.13314,20.988,21.166,1.5053e-07,1.541e-06,5.1105e-07,1.0056,1,1.8e-05,0.0015,1.8e-05,5e-06
6762.7,1.728e-11,0.8936,0.61939,0,0.20426,0.0074343,0.039148,0.010571,1619.9,0.15039,0,1.4556e-12,4.2292e-13,0,10.897,10.184,0.13902,64.604,36.294,0.82422,3.322,3.1047,0.042383,0,0.32043,0.13791,20.959,21.167,1.5052e-07,1.5962e-06,5.1106e-07,1.0056,1,2.1e-05,0.0015,2.1e-05,5e-06
6762.6,1.728e-11,0.92287,0.61941,0,0.20426,0.0074339,0.039149,0.010571,1619.9,0.1504,0,1.9208e-12,5.4379e-13,0,10.897,10.184,0.13902,64.603,36.294,0.82422,3.3219,3.1046,0.042382,0,0.32042,0.14298,20.93,21.168,1.5052e-07,1.6549e-06,5.1106e-07,1.0056,1,2.4e-05,0.0015,2.4e-05,5e-06
6762.6,1.728e-11,0.95408,0.61944,0,0.20426,0.0074333,0.039149,0.010572,1619.8,0.15041,0,2.4146e-12,6.8268e-13,0,10.896,10.183,0.13902,64.603,36.294,0.82421,3.3218,3.1045,0.042381,0,0.32041,0.14835,20.901,21.169,1.5052e-07,1.717e-06,5.1106e-07,1.0056,1,2.7e-05,0.0015,2.7e-05,5e-06
6762.5,1.728e-11,0.9853,0.61946,0,0.20426,0.0074328,0.03915,0.010572,1619.8,0.15042,0,2.9083e-12,8.2158e-13,0,10.896,10.183,0.13901,64.602,36.293,0.8242,3.3217,3.1044,0.042379,0,0.3204,0.15372,20.873,21.17,1.5051e-07,1.7792e-06,5.1106e-07,1.0056,1,3e-05,0.0015,3e-05,5e-06
6762.4,1.728e-11,1.0188,0.61949,0,0.20426,0.007432,0.03915,0.010572,1619.8,0.15044,0,3.4026e-12,9.9206e-13,0,10.896,10.183,0.13901,64.601,36.293,0.82419,3.3216,3.1043,0.042378,0,0.32039,0.15938,20.844,21.171,1.5051e-07,1.8447e-06,5.1106e-07,1.0056,1,3.3e-05,0.0015,3.3e-05,5e-06
6762.4,1.728e-11,1.0523,0.61953,0,0.20425,0.0074313,0.039151,0.010573,1619.7,0.15045,0,3.8969e-12,1.1625e-12,0,10.895,10.182,0.139,64.6,36.292,0.82418,3.3215,3.1042,0.042376,0,0.32038,0.16505,20.815,21.172,1.505e-07,1.9103e-06,5.1106e-07,1.0056,1,3.6e-05,0.0015,3.6e-05,5e-06
6762.3,1.728e-11,1.0873,0.61957,0,0.20425,0.0074305,0.039152,0.010573,1619.7,0.15047,0,4.3824e-12,1.3475e-12,0,10.895,10.182,0.139,64.6,36.292,0.82417,3.3214,3.1041,0.042375,0,0.32037,0.17091,20.786,21.173,1.5049e-07,1.9781e-06,5.1106e-07,1.0055,1,3.9e-05,0.0015,3.9e-05,5e-06
6762.2,1.728e-11,1.1237,0.61961,0,0.20425,0.0074295,0.039153,0.010574,1619.7,0.15049,0,4.8592e-12,1.547e-12,0,10.894,10.182,0.13899,64.599,36.291,0.82416,3.3212,3.104,0.042373,0,0.32035,0.17696,20.758,21.174,1.5049e-07,2.0482e-06,5.1106e-07,1.0055,1,4.2e-05,0.0015,4.2e-05,5e-06
6762.1,1.728e-11,1.1602,0.61965,0,0.20425,0.0074286,0.039154,0.010575,1619.6,0.15051,0,5.3359e-12,1.7464e-12,0,10.894,10.181,0.13898,64.598,36.291,0.82415,3.3211,3.1038,0.042371,0,0.32034,0.18302,20.729,21.175,1.5048e-07,2.1182e-06,5.1106e-07,1.0055,1,4.5e-05,0.0015,4.5e-05,5e-06
6761.9,1.728e-11,1.1997,0.61971,0,0.20424,0.0074275,0.039155,0.010575,1619.6,0.15054,0,5.795e-12,1.9726e-12,0,10.893,10.181,0.13898,64.596,36.29,0.82413,3.3209,3.1037,0.042369,0,0.32032,0.18946,20.7,21.176,1.5047e-07,2.1928e-06,5.1106e-07,1.0055,1,4.8e-05,0.0015,4.8e-05,5e-06
6761.8,1.728e-11,1.2393,0.61976,0,0.20424,0.0074263,0.039157,0.010576,1619.6,0.15056,0,6.254e-12,2.1987e-12,0,10.893,10.18,0.13897,64.595,36.29,0.82412,3.3208,3.1035,0.042367,0,0.32031,0.19591,20.672,21.177,1.5046e-07,2.2674e-06,5.1106e-07,1.0055,1,5.1e-05,0.0015,5.1e-05,5e-06
6761.7,1.728e-11,1.2806,0.61982,0,0.20423,0.0074251,0.039158,0.010577,1619.5,0.15059,0,6.7061e-12,2.4378e-12,0,10.892,10.18,0.13896,64.594,36.289,0.8241,3.3206,3.1034,0.042365,0,0.32029,0.20256,20.643,21.178,1.5045e-07,2.3444e-06,5.1106e-07,1.0054,1,5.4e-05,0.0015,5.4e-05,5e-06
6761.5,1.728e-11,1.3236,0.61989,0,0.20423,0.0074238,0.039159,0.010578,1619.5,0.15061,0,7.1513e-12,2.6899e-12,0,10.892,10.179,0.13896,64.593,36.288,0.82408,3.3204,3.1032,0.042362,0,0.32027,0.20942,20.614,21.179,1.5044e-07,2.4238e-06,5.1105e-07,1.0054,1,5.7e-05,0.0015,5.7e-05,5e-06
6761.4,1.728e-11,1.3666,0.61995,0,0.20423,0.0074224,0.039161,0.010578,1619.4,0.15064,0,7.5965e-12,2.9419e-12,0,10.891,10.178,0.13895,64.591,36.287,0.82406,3.3202,3.103,0.04236,0,0.32025,0.21628,20.586,21.18,1.5043e-07,2.5032e-06,5.1105e-07,1.0054,1,6e-05,0.0015,6e-05,5e-06
6761.2,1.728e-11,1.4133,0.62003,0,0.20422,0.0074208,0.039163,0.010579,1619.3,0.15067,0,8.0317e-12,3.2192e-12,0,10.89,10.178,0.13894,64.59,36.286,0.82404,3.32,3.1028,0.042357,0,0.32023,0.22357,20.557,21.181,1.5042e-07,2.5876e-06,5.1105e-07,1.0053,1,6.3e-05,0.0015,6.3e-05,5e-06
6761.1,1.728e-11,1.46,0.62011,0,0.20422,0.0074192,0.039164,0.01058,1619.3,0.15071,0,8.467e-12,3.4964e-12,0,10.889,10.177,0.13893,64.588,36.285,0.82402,3.3198,3.1026,0.042354,0,0.32021,0.23087,20.529,21.183,1.5041e-07,2.6721e-06,5.1104e-07,1.0053,1,6.6e-05,0.0015,6.6e-05,5e-06
6760.9,1.728e-11,1.5088,0.62019,0,0.20421,0.0074175,0.039166,0.010581,1619.2,0.15074,0,8.8983e-12,3.7867e-12,0,10.889,10.176,0.13892,64.586,36.284,0.824,3.3196,3.1024,0.042352,0,0.32019,0.23838,20.5,21.184,1.504e-07,2.7591e-06,5.1104e-07,1.0053,1,6.9e-05,0.0015,6.9e-05,5e-06
6760.7,1.728e-11,1.5597,0.62028,0,0.20421,0.0074157,0.039168,0.010583,1619.2,0.15078,0,9.3258e-12,4.0901e-12,0,10.888,10.176,0.13891,64.584,36.283,0.82398,3.3193,3.1022,0.042349,0,0.32017,0.24613,20.472,21.185,1.5039e-07,2.8487e-06,5.1103e-07,1.0052,1,7.2e-05,0.0015,7.2e-05,5e-06
6760.5,1.728e-11,1.6105,0.62037,0,0.2042,0.0074139,0.03917,0.010584,1619.1,0.15081,0,9.7533e-12,4.3935e-12,0,10.887,10.175,0.1389,64.582,36.282,0.82395,3.3191,3.102,0.042346,0,0.32015,0.25387,20.443,21.186,1.5037e-07,2.9383e-06,5.1103e-07,1.0052,1,7.5e-05,0.0015,7.5e-05,5e-06
6760.3,1.728e-11,1.6659,0.62048,0,0.2042,0.0074118,0.039173,0.010585,1619,0.15085,0,1.0174e-11,4.7239e-12,0,10.886,10.174,0.13889,64.58,36.281,0.82392,3.3188,3.1017,0.042342,0,0.32012,0.26208,20.415,21.188,1.5036e-07,3.0333e-06,5.1102e-07,1.0052,1,7.8e-05,0.0015,7.8e-05,5e-06
6760,1.728e-11,1.7212,0.62058,0,0.20419,0.0074097,0.039175,0.010586,1619,0.1509,0,1.0595e-11,5.0544e-12,0,10.885,10.173,0.13888,64.578,36.28,0.8239,3.3186,3.1015,0.042339,0,0.3201,0.27028,20.386,21.189,1.5035e-07,3.1283e-06,5.1101e-07,1.0051,1,8.1e-05,0.0015,8.1e-05,5e-06
6759.8,1.728e-11,1.7789,0.6207,0,0.20418,0.0074075,0.039178,0.010588,1618.9,0.15094,0,1.1013e-11,5.4e-12,0,10.885,10.173,0.13887,64.576,36.279,0.82387,3.3183,3.1012,0.042336,0,0.32007,0.27873,20.358,21.19,1.5033e-07,3.226e-06,5.1101e-07,1.0051,1,8.4e-05,0.0015,8.4e-05,5e-06
6759.6,1.728e-11,1.8391,0.62082,0,0.20418,0.0074051,0.03918,0.01059,1618.8,0.15098,0,1.1427e-11,5.7607e-12,0,10.884,10.172,0.13886,64.574,36.277,0.82384,3.318,3.101,0.042332,0,0.32004,0.28742,20.329,21.191,1.5032e-07,3.3266e-06,5.11e-07,1.005,1,8.7e-05,0.0015,8.7e-05,5e-06
6759.3,1.728e-11,1.8993,0.62094,0,0.20417,0.0074027,0.039183,0.010591,1618.7,0.15103,0,1.1841e-11,6.1214e-12,0,10.883,10.171,0.13884,64.571,36.276,0.82381,3.3178,3.1007,0.042329,0,0.32002,0.2961,20.301,21.193,1.503e-07,3.4271e-06,5.1099e-07,1.005,1,9e-05,0.0015,9e-05,5e-06
6759,1.728e-11,1.9648,0.62108,0,0.20417,0.0074001,0.039186,0.010593,1618.6,0.15108,0,1.2246e-11,6.5167e-12,0,10.882,10.17,0.13883,64.569,36.275,0.82378,3.3175,3.1004,0.042325,0,0.31999,0.30528,20.273,21.194,1.5029e-07,3.5333e-06,5.1097e-07,1.0049,1,9.3e-05,0.0015,9.3e-05,5e-06
6758.8,1.728e-11,2.0304,0.62121,0,0.20416,0.0073974,0.039189,0.010595,1618.5,0.15113,0,1.2652e-11,6.912e-12,0,10.881,10.169,0.13882,64.566,36.273,0.82374,3.3172,3.1002,0.042321,0,0.31996,0.31445,20.244,21.196,1.5027e-07,3.6395e-06,5.1096e-07,1.0049,1,9.6e-05,0.0015,9.6e-05,5e-06
6758.5,1.728e-11,2.0988,0.62136,0,0.20415,0.0073946,0.039193,0.010597,1618.5,0.15118,0,1.3051e-11,7.329e-12,0,10.88,10.168,0.13881,64.563,36.272,0.82371,3.3169,3.0999,0.042317,0,0.31993,0.32388,20.216,21.197,1.5025e-07,3.7486e-06,5.1095e-07,1.0048,1,9.9e-05,0.0015,9.9e-05,5e-06
6758.2,1.728e-11,2.1701,0.62152,0,0.20414,0.0073916,0.039196,0.010599,1618.4,0.15124,0,1.3444e-11,7.7676e-12,0,10.879,10.167,0.13879,64.561,36.27,0.82367,3.3166,3.0996,0.042313,0,0.3199,0.33355,20.188,21.198,1.5024e-07,3.8606e-06,5.1093e-07,1.0048,1,0.000102,0.0015,0.000102,5e-06
6757.9,1.728e-11,2.2414,0.62167,0,0.20414,0.0073886,0.0392,0.010601,1618.3,0.15129,0,1.3837e-11,8.2062e-12,0,10.878,10.166,0.13878,64.558,36.268,0.82364,3.3163,3.0993,0.042309,0,0.31987,0.34323,20.159,21.2,1.5022e-07,3.9725e-06,5.1092e-07,1.0047,1,0.000105,0.0015,0.000105,5e-06
6757.6,1.728e-11,2.3191,0.62185,0,0.20413,0.0073853,0.039204,0.010603,1618.2,0.15135,0,1.421e-11,8.7024e-12,0,10.877,10.165,0.13877,64.555,36.267,0.8236,3.3159,3.099,0.042305,0,0.31984,0.3534,20.131,21.201,1.502e-07,4.0903e-06,5.109e-07,1.0047,1,0.000108,0.0015,0.000108,5e-06
6757.2,1.728e-11,2.3968,0.62202,0,0.20412,0.007382,0.039208,0.010605,1618.1,0.15141,0,1.4583e-11,9.1985e-12,0,10.876,10.164,0.13875,64.552,36.265,0.82356,3.3156,3.0987,0.042301,0,0.31981,0.36358,20.103,21.203,1.5018e-07,4.2081e-06,5.1088e-07,1.0046,1,0.000111,0.0015,0.000111,5e-06
6756.9,1.728e-11,2.4779,0.62221,0,0.20411,0.0073785,0.039212,0.010607,1618,0.15147,0,1.4941e-11,9.7363e-12,0,10.875,10.163,0.13874,64.548,36.263,0.82352,3.3153,3.0984,0.042297,0,0.31978,0.37401,20.074,21.204,1.5016e-07,4.3288e-06,5.1086e-07,1.0046,1,0.000114,0.0015,0.000114,5e-06
6756.6,1.728e-11,2.5624,0.62241,0,0.2041,0.0073749,0.039217,0.01061,1617.9,0.15154,0,1.5283e-11,1.0316e-11,0,10.873,10.162,0.13873,64.545,36.261,0.82348,3.315,3.0981,0.042293,0,0.31974,0.38469,20.046,21.205,1.5014e-07,4.4525e-06,5.1084e-07,1.0045,1,0.000117,0.0015,0.000117,5e-06
6756.2,1.728e-11,2.647,0.6226,0,0.2041,0.0073712,0.039221,0.010613,1617.8,0.1516,0,1.5625e-11,1.0895e-11,0,10.872,10.161,0.13871,64.542,36.259,0.82343,3.3146,3.0978,0.042288,0,0.31971,0.39538,20.018,21.207,1.5013e-07,4.5761e-06,5.1082e-07,1.0044,1,0.00012,0.0015,0.00012,5e-06
6755.9,1.728e-11,2.7392,0.62282,0,0.20409,0.0073672,0.039226,0.010615,1617.7,0.15167,0,1.5917e-11,1.16e-11,0,10.871,10.16,0.1387,64.538,36.258,0.82339,3.3143,3.0975,0.042284,0,0.31968,0.40657,19.989,21.208,1.5011e-07,4.7057e-06,5.108e-07,1.0044,1,0.000123,0.0015,0.000123,5e-06
6755.5,1.728e-11,2.8313,0.62304,0,0.20408,0.0073631,0.039231,0.010618,1617.5,0.15174,0,1.6209e-11,1.2306e-11,0,10.87,10.159,0.13868,64.535,36.256,0.82335,3.3139,3.0971,0.04228,0,0.31964,0.41776,19.96,21.209,1.5009e-07,4.8352e-06,5.1077e-07,1.0043,1,0.000126,0.0015,0.000126,5e-06
6755.1,1.728e-11,2.9276,0.62327,0,0.20407,0.0073589,0.039236,0.010621,1617.4,0.15181,0,1.6463e-11,1.311e-11,0,10.869,10.158,0.13867,64.531,36.254,0.8233,3.3136,3.0968,0.042275,0,0.31961,0.42921,19.932,21.21,1.5007e-07,4.9677e-06,5.1075e-07,1.0042,1,0.000129,0.0015,0.000129,5e-06
6754.8,1.728e-11,3.028,0.62351,0,0.20406,0.0073545,0.039242,0.010624,1617.3,0.15189,0,1.6679e-11,1.4014e-11,0,10.868,10.157,0.13865,64.528,36.252,0.82325,3.3132,3.0965,0.042271,0,0.31958,0.44091,19.902,21.21,1.5005e-07,5.1031e-06,5.1072e-07,1.0042,1,0.000132,0.0015,0.000132,5e-06
6754.4,1.728e-11,3.1284,0.62375,0,0.20405,0.00735,0.039247,0.010628,1617.2,0.15196,0,1.6896e-11,1.4917e-11,0,10.867,10.156,0.13864,64.524,36.25,0.82321,3.3129,3.0962,0.042266,0,0.31954,0.45261,19.873,21.211,1.5003e-07,5.2385e-06,5.107e-07,1.0041,1,0.000135,0.0015,0.000135,5e-06
6754,1.728e-11,3.2379,0.62402,0,0.20404,0.0073452,0.039253,0.010631,1617.1,0.15204,0,1.7e-11,1.6136e-11,0,10.865,10.155,0.13862,64.52,36.247,0.82316,3.3125,3.0958,0.042262,0,0.31951,0.46481,19.843,21.211,1.5001e-07,5.3797e-06,5.1067e-07,1.004,1,0.000138,0.0015,0.000138,5e-06
6753.6,1.728e-11,3.3474,0.62429,0,0.20403,0.0073403,0.039259,0.010635,1617,0.15212,0,1.7105e-11,1.7355e-11,0,10.864,10.154,0.13861,64.517,36.245,0.82311,3.3122,3.0955,0.042257,0,0.31947,0.47701,19.813,21.21,1.4999e-07,5.521e-06,5.1065e-07,1.004,1,0.000141,0.0015,0.000141,5e-06
6753.2,1.728e-11,3.462,0.62457,0,0.20402,0.0073352,0.039266,0.010638,1616.9,0.15221,0,1.7135e-11,1.8824e-11,0,10.863,10.152,0.13859,64.513,36.243,0.82306,3.3118,3.0952,0.042253,0,0.31944,0.48947,19.782,21.209,1.4997e-07,5.6651e-06,5.1062e-07,1.0039,1,0.000144,0.0015,0.000144,5e-06
6752.8,1.728e-11,3.5815,0.62487,0,0.20401,0.0073299,0.039273,0.010642,1616.7,0.15229,0,1.7088e-11,2.0545e-11,0,10.862,10.151,0.13858,64.509,36.241,0.82302,3.3115,3.0948,0.042248,0,0.31941,0.50217,19.75,21.207,1.4995e-07,5.8121e-06,5.1059e-07,1.0038,1,0.000147,0.0015,0.000147,5e-06
6752.4,1.728e-11,3.701,0.62517,0,0.204,0.0073246,0.039279,0.010646,1616.6,0.15238,0,1.7042e-11,2.2266e-11,0,10.861,10.15,0.13856,64.505,36.239,0.82297,3.3111,3.0945,0.042244,0,0.31937,0.51487,19.718,21.204,1.4994e-07,5.9592e-06,5.1057e-07,1.0038,1,0.00015,0.0015,0.00015,5e-06
6752,1.728e-11,3.8315,0.62549,0,0.20399,0.0073189,0.039287,0.01065,1616.5,0.15247,0,1.6801e-11,2.4781e-11,0,10.86,10.149,0.13855,64.501,36.237,0.82292,3.3108,3.0942,0.042239,0,0.31934,0.52807,19.682,21.198,1.4992e-07,6.1119e-06,5.1054e-07,1.0037,1,0.000153,0.0015,0.000153,5e-06
6751.6,1.728e-11,3.9621,0.62581,0,0.20398,0.0073131,0.039294,0.010654,1616.4,0.15257,0,1.6561e-11,2.7296e-11,0,10.858,10.148,0.13853,64.497,36.234,0.82286,3.3104,3.0939,0.042235,0,0.3193,0.54126,19.646,21.192,1.499e-07,6.2646e-06,5.1052e-07,1.0036,1,0.000156,0.0015,0.000156,5e-06
6751.1,1.728e-11,4.0987,0.62615,0,0.20396,0.0073071,0.039302,0.010659,1616.3,0.15266,7.8723e-12,1.6202e-11,3.0435e-11,0,10.857,10.147,0.13852,64.493,36.232,0.82281,3.3101,3.0935,0.042231,0,0.31927,0.5547,19.607,21.182,1.4989e-07,6.4201e-06,5.1049e-07,1.0036,1,0.000159,0.0015,0.000159,5e-06
6750.7,1.728e-11,4.2415,0.62651,0,0.20395,0.0073008,0.03931,0.010663,1616.2,0.15276,2.3617e-11,1.5724e-11,3.4199e-11,0,10.856,10.146,0.13851,64.489,36.23,0.82276,3.3097,3.0932,0.042226,0,0.31924,0.56837,19.564,21.169,1.4987e-07,6.5784e-06,5.1047e-07,1.0035,1,0.000162,0.0015,0.000162,5e-06
6750.3,1.728e-11,4.3842,0.62687,0,0.20394,0.0072946,0.039318,0.010668,1616,0.15286,3.9362e-11,1.5246e-11,3.7964e-11,0,10.855,10.145,0.13849,64.485,36.228,0.82271,3.3094,3.0929,0.042222,0,0.3192,0.58205,19.521,21.156,1.4985e-07,6.7367e-06,5.1044e-07,1.0034,1,0.000165,0.0015,0.000165,5e-06
6749.8,1.5605e-11,4.5405,0.62725,0,0.20393,0.0072878,0.039327,0.010673,1615.9,0.15296,8.3702e-10,1.4435e-11,4.3703e-11,0,10.854,10.144,0.13848,64.481,36.225,0.82266,3.309,3.0926,0.042217,0,0.31917,0.59592,19.464,21.129,1.4976e-07,6.8972e-06,5.1023e-07,1.0033,1,0.000168,0.0015,0.000168,5e-06
6749.4,1.3929e-11,4.6967,0.62764,0,0.20392,0.007281,0.039336,0.010678,1615.8,0.15307,1.6347e-09,1.3624e-11,4.9443e-11,0,10.853,10.143,0.13846,64.476,36.223,0.8226,3.3086,3.0922,0.042212,0,0.31913,0.60978,19.408,21.102,1.4966e-07,7.0577e-06,5.1003e-07,1.0033,1,0.000171,0.0015,0.000171,5e-06
6748,1.1375e-11,4.8605,0.62805,0,0.2039,0.0072739,0.039345,0.010683,1615.4,0.15318,2.9073e-09,1.2485e-11,5.6785e-11,0,10.849,10.14,0.13842,64.463,36.215,0.82243,3.3077,3.0913,0.0422,0,0.31904,0.62374,19.339,21.063,1.4953e-07,7.2192e-06,5.0973e-07,1.003,1,0.000174,0.0015,0.000174,5e-06
6745.6,7.9418e-12,5.0318,0.62847,0,0.20389,0.0072666,0.039355,0.010689,1614.8,0.15329,4.6548e-09,1.1016e-11,6.5728e-11,0,10.844,10.135,0.13835,64.441,36.203,0.82214,3.3061,3.0898,0.04218,0,0.31889,0.63778,19.258,21.012,1.4937e-07,7.3817e-06,5.0936e-07,1.0027,1,0.000177,0.0015,0.000177,5e-06
6743.3,4.5088e-12,5.2031,0.62889,0,0.20388,0.0072593,0.039364,0.010694,1614.2,0.1534,6.4024e-09,9.5483e-12,7.4671e-11,0,10.839,10.13,0.13829,64.419,36.19,0.82186,3.3046,3.0884,0.04216,0,0.31874,0.65182,19.177,20.961,1.4921e-07,7.5442e-06,5.0898e-07,1.0023,1,0.00018,0.0015,0.00018,5e-06
6736.7,2.7393e-12,5.391,0.62935,0,0.20386,0.0072514,0.039375,0.0107,1612.5,0.15352,6.5534e-09,6.8487e-12,8.8958e-11,0,10.825,10.117,0.13811,64.355,36.155,0.82105,3.3004,3.0845,0.042107,0.00041568,0.31958,0.66629,19.052,20.865,1.4907e-07,7.7117e-06,5.0863e-07,1.0013,1,0.000183,0.0015,0.000183,5e-06
6730,9.6989e-13,5.5789,0.62981,0,0.20385,0.0072435,0.039385,0.010706,1610.8,0.15363,6.7045e-09,4.1491e-12,1.0325e-10,0,10.812,10.104,0.13794,64.292,36.119,0.82024,3.2962,3.0806,0.042054,0.00083136,0.32042,0.68076,18.927,20.77,1.4894e-07,7.8792e-06,5.0829e-07,1.0002,1,0.000186,0.0015,0.000186,5e-06
6722.8,7.7318e-14,5.776,0.63028,0,0.20384,0.0072353,0.039396,0.010712,1608.9,0.15376,6.3193e-09,-3.7102e-13,1.2193e-10,0,10.797,10.091,0.13775,64.223,36.08,0.81936,3.2918,3.0765,0.041997,0.0014879,0.32196,0.69541,18.777,20.649,1.4881e-07,8.0487e-06,5.0794e-07,0.99911,1,0.000189,0.0015,0.000189,5e-06
6715.1,6.1607e-14,5.9823,0.63078,0,0.20382,0.0072268,0.039407,0.010719,1606.9,0.15388,5.3978e-09,-6.7117e-12,1.4501e-10,0,10.782,10.076,0.13755,64.149,36.039,0.81842,3.2872,3.0721,0.041938,0.0023852,0.3242,0.71023,18.602,20.504,1.4868e-07,8.2202e-06,5.076e-07,0.99791,1,0.000192,0.0015,0.000192,5e-06
6707.4,4.5896e-14,6.1886,0.63127,0,0.20381,0.0072183,0.039419,0.010725,1605,0.154,4.4763e-09,-1.3052e-11,1.6809e-10,0,10.766,10.062,0.13736,64.075,35.997,0.81748,3.2825,3.0678,0.041879,0.0032826,0.32644,0.72504,18.427,20.359,1.4856e-07,8.3917e-06,5.0725e-07,0.99672,1,0.000195,0.0015,0.000195,5e-06
6701.1,3.9864e-14,6.415,0.63181,0,0.2038,0.0072092,0.039431,0.010732,1603.4,0.15414,4.5294e-09,-2.715e-11,2.0633e-10,0,10.755,10.051,0.13721,64.015,35.963,0.81671,3.279,3.0644,0.041833,0.0042479,0.32899,0.74003,18.054,20.016,1.4842e-07,8.5652e-06,5.0684e-07,0.99575,1,0.000198,0.0015,0.000198,5e-06
6694.7,3.3833e-14,6.6414,0.63234,0,0.20378,0.0072001,0.039443,0.010739,1601.8,0.15427,4.5826e-09,-4.1248e-11,2.4457e-10,0,10.743,10.04,0.13706,63.955,35.929,0.81594,3.2754,3.0611,0.041788,0.0052132,0.33155,0.75502,17.681,19.673,1.4828e-07,8.7387e-06,5.0644e-07,0.99479,1,0.000201,0.0015,0.000201,5e-06
6688,2.9075e-14,6.8782,0.63289,0,0.20377,0.0071906,0.039456,0.010747,1600.2,0.1544,5.0069e-09,-5.9198e-11,2.9627e-10,0,10.731,10.029,0.1369,63.89,35.893,0.81512,3.2717,3.0577,0.041741,0.0062333,0.33425,0.77,17.012,19.034,1.4813e-07,8.9121e-06,5.0599e-07,0.99377,1,0.000204,0.0015,0.000204,5e-06
6680.9,2.5591e-14,7.1254,0.63346,0,0.20375,0.0071808,0.039469,0.010754,1598.4,0.15454,5.8024e-09,-8.1001e-11,3.6144e-10,0,10.718,10.017,0.13674,63.823,35.855,0.81426,3.2679,3.0541,0.041692,0.0073084,0.3371,0.78498,16.048,18.099,1.4797e-07,9.0854e-06,5.0549e-07,0.99269,1,0.000207,0.0015,0.000207,5e-06
6673.8,2.2106e-14,7.3726,0.63404,0,0.20374,0.007171,0.039482,0.010762,1596.7,0.15468,6.598e-09,-1.028e-10,4.266e-10,0,10.705,10.005,0.13658,63.755,35.817,0.81339,3.264,3.0505,0.041643,0.0083834,0.33996,0.79995,15.083,17.164,1.478e-07,9.2587e-06,5.05e-07,0.99162,1,0.00021,0.0015,0.00021,5e-06
6653.4,1.8928e-14,7.6367,0.63465,0,0.20372,0.0071606,0.039497,0.01077,1591.7,0.15482,-3.0886e-08,-1.3042e-10,5.2408e-10,0,10.671,9.9725,0.13614,63.559,35.708,0.8109,3.2534,3.0406,0.041507,0.011456,0.34815,0.81327,12.211,14.321,1.4739e-07,9.4128e-06,5.0371e-07,0.98854,1,0.000213,0.0015,0.000213,5e-06
6632.9,1.5749e-14,7.9009,0.63527,0,0.20371,0.0071501,0.039511,0.010778,1586.7,0.15497,-6.8369e-08,-1.5803e-10,6.2155e-10,0,10.636,9.9398,0.13569,63.364,35.598,0.80841,3.2428,3.0306,0.041372,0.014529,0.35634,0.82658,9.3381,11.478,1.4697e-07,9.567e-06,5.0243e-07,0.98547,1,0.000216,0.0015,0.000216,5e-06
6430,1.2351e-14,8.1661,0.63586,0,0.20369,0.0071395,0.039526,0.010786,1537.8,0.15511,6.9274e-07,-1.8818e-10,7.2418e-10,0,10.3,9.6263,0.13141,61.425,34.509,0.78367,3.1407,2.9352,0.040069,0.044848,0.43744,0.81356,6.5961,8.765,1.4219e-07,9.4162e-06,4.8682e-07,0.95515,1,0.000219,0.0015,0.000219,5e-06
6044.5,8.7328e-15,8.4324,0.63642,0,0.20368,0.0071288,0.03954,0.010794,1444.9,0.15524,2.2524e-06,-2.2087e-10,8.3195e-10,0,9.6642,9.032,0.1233,57.743,32.44,0.73669,2.9471,2.7543,0.037599,0.10241,0.59143,0.77418,3.9847,6.182,1.3303e-07,8.9604e-06,4.5688e-07,0.89759,1,0.000222,0.0015,0.000222,5e-06
5659,5.1148e-15,8.6987,0.63698,0,0.20367,0.0071181,0.039555,0.010802,1351.9,0.15538,3.8121e-06,-2.5356e-10,9.3972e-10,0,9.0282,8.4376,0.11518,54.06,30.371,0.68971,2.7535,2.5733,0.035129,0.15998,0.74543,0.7348,1.3732,3.599,1.2386e-07,8.5047e-06,4.2694e-07,0.84002,1,0.000225,0.0015,0.000225,5e-06
4438.3,3.2585e-15,8.9129,0.63736,0,0.20366,0.0071085,0.03957,0.010809,1059.8,0.15547,4.5712e-06,-2.6228e-10,1.0172e-09,0,7.0682,6.6058,0.090177,42.399,23.82,0.54093,2.1559,2.0149,0.027505,0.34138,1.232,0.57677,4.745,6.9962,9.6503e-08,6.6756e-06,3.3357e-07,0.65862,1,0.000228,0.0015,0.000228,5e-06
3217.6,1.4023e-15,9.1271,0.63774,0,0.20365,0.0070988,0.039584,0.010816,767.71,0.15557,5.3304e-06,-2.7099e-10,1.0948e-09,0,5.1082,4.774,0.065171,30.738,17.269,0.39216,1.5584,1.4564,0.019882,0.52279,1.7186,0.41874,8.1167,10.393,6.9141e-08,4.8465e-06,2.402e-07,0.47721,1,0.000231,0.0015,0.000231,5e-06
2136,4.3061e-16,9.2788,0.63804,0,0.20364,0.00709,0.039597,0.010823,509.25,0.15565,4.9313e-06,-2.5436e-10,1.1154e-09,0,3.381,3.1598,0.043136,20.405,11.464,0.26033,1.0316,0.96415,0.013162,0.68337,2.1495,0.27783,11.529,13.832,4.5328e-08,3.2156e-06,1.5821e-07,0.31663,1,0.000234,0.0015,0.000234,5e-06
1193.5,3.4358e-16,9.368,0.63827,0,0.20364,0.0070819,0.03961,0.010828,284.45,0.15571,3.3739e-06,-2.1237e-10,1.0792e-09,0,1.8868,1.7634,0.024072,11.401,6.4052,0.14546,0.57577,0.5381,0.0073457,0.82312,2.5249,0.15406,14.982,17.311,2.5063e-08,1.7831e-06,8.7606e-08,0.17688,1,0.000237,0.0015,0.000237,5e-06
250.93,2.5656e-16,9.4572,0.6385,0,0.20363,0.0070738,0.039623,0.010834,59.645,0.15577,1.8166e-06,-1.7039e-10,1.043e-09,0,0.39259,0.36691,0.0050088,2.3972,1.3467,0.030583,0.11989,0.11205,0.0015296,0.96288,2.9002,0.030287,18.434,20.789,4.7971e-09,3.5054e-07,1.7001e-08,0.037122,1,0.00024,0.0015,0.00024,5e-06
155.5,2.5405e-16,9.478,0.63869,0,0.20363,0.0070664,0.039635,0.010838,36.959,0.15582,1.094e-06,-8.3919e-11,7.8054e-10,0,0.24324,0.22733,0.0031033,1.4854,0.83452,0.018951,0.074283,0.069424,0.00094771,0.977,2.9381,0.01876,18.089,20.473,2.9708e-09,2.1713e-07,1.0532e-08,0.023002,1,0.000243,0.0015,0.000243,5e-06
60.056,2.5155e-16,9.4989,0.63888,0,0.20362,0.007059,0.039647,0.010843,14.272,0.15587,3.7131e-07,2.5515e-12,5.1806e-10,0,0.093884,0.087743,0.0011978,0.57371,0.32231,0.0073195,0.028675,0.026799,0.00036584,0.99112,2.9761,0.0072338,17.743,20.157,1.1444e-09,8.3725e-08,4.062e-09,0.0088831,1,0.000246,0.0015,0.000246,5e-06
9.9477,2.5024e-16,9.5232,0.63907,0,0.20362,0.0070516,0.039659,0.010848,2.3615,0.15592,7.9916e-09,1.1334e-10,1.362e-10,0,0.015486,0.014472,0.00019757,0.09503,0.053388,0.0012124,0.0047339,0.0044242,6.0395e-05,0.99853,2.996,0.0011873,17.565,20.008,1.8665e-10,1.3742e-08,6.6794e-10,0.0014704,1,0.000249,0.0015,0.000249,5e-06
5.1692,2.5013e-16,9.551,0.63925,0,0.20361,0.0070442,0.039671,0.010853,1.2269,0.15597,3.9957e-09,2.4844e-10,-3.6504e-10,0,0.0080405,0.0075145,0.00010258,0.049381,0.027742,0.00063001,0.0024583,0.0022975,3.1364e-05,0.99924,2.9979,0.00062053,17.554,20.026,9.7467e-11,7.1821e-09,3.492e-10,0.00076396,1,0.000252,0.0015,0.000252,5e-06
0.3907,2.5001e-16,9.5788,0.63944,0,0.20361,0.0070368,0.039683,0.010858,0.092268,0.15602,-2.9309e-13,3.8355e-10,-8.6628e-10,0,0.00059556,0.0005566,7.5983e-06,0.0037323,0.0020968,4.7618e-05,0.0001828,0.00017084,2.3322e-06,0.99994,2.9998,5.3776e-05,17.543,20.045,8.282e-12,6.224e-10,3.046e-11,5.7548e-05,1,0.000255,0.0015,0.000255,5e-06
0.24356,2.5001e-16,9.605,0.63962,0,0.2036,0.0070295,0.039695,0.010862,0.057502,0.15607,-1.79e-13,4.8399e-10,-1.2321e-09,0,0.00037081,0.00034655,4.7308e-06,0.0023267,0.0013071,2.9684e-05,0.00011385,0.0001064,1.4525e-06,0.99996,2.9999,3.3567e-05,17.516,20.046,5.164e-12,3.8851e-10,1.9023e-11,3.5868e-05,1,0.000258,0.0015,0.000258,5e-06
0.096418,2.5e-16,9.6311,0.63981,0,0.2036,0.0070221,0.039707,0.010867,0.022736,0.15612,-6.4902e-14,5.8442e-10,-1.5978e-09,0,0.00014606,0.0001365,1.8634e-06,0.00092108,0.00051746,1.1751e-05,4.4894e-05,4.1957e-05,5.7276e-07,0.99999,3,1.3359e-05,17.488,20.048,2.046e-12,1.5462e-10,7.5853e-12,1.4187e-05,1,0.000261,0.0015,0.000261,5e-06
0.018813,2.5e-16,9.6573,0.63999,0,0.2036,0.0070147,0.039718,0.010872,0.0044067,0.15617,-6.2921e-15,6.6806e-10,-1.7122e-09,0,2.772e-05,2.5906e-05,3.5365e-07,0.00017972,0.00010097,2.2929e-06,8.5742e-06,8.0132e-06,1.0939e-07,1,3,2.6802e-06,17.459,20.049,4.0077e-13,3.102e-11,1.5371e-12,2.7559e-06,1,0.000264,0.0015,0.000264,5e-06
0.010741,2.5e-16,9.6835,0.64017,0,0.20359,0.0070073,0.03973,0.010877,0.0025146,0.15622,-3.1648e-15,7.3489e-10,-1.5752e-09,0,1.5789e-05,1.4756e-05,2.0144e-07,0.00010261,5.7647e-05,1.3091e-06,4.887e-06,4.5673e-06,6.2349e-08,1,3,1.5298e-06,17.43,20.049,2.2826e-13,1.7706e-11,8.779e-13,1.5729e-06,1,0.000267,0.0015,0.000267,5e-06
0.0026695,2.5e-16,9.7097,0.64036,0,0.20359,0.0069999,0.039742,0.010882,0.00062251,0.15627,-3.7559e-17,8.0172e-10,-1.4382e-09,0,3.8587e-06,3.6063e-06,4.923e-08,2.5502e-05,1.4327e-05,3.2536e-07,1.1999e-06,1.1214e-06,1.5308e-08,1,3,3.7938e-07,17.4,20.049,5.5762e-14,4.3909e-12,2.1866e-13,3.899e-07,1,0.00027,0.0015,0.00027,5e-06
0.0017574,2.5e-16,9.7349,0.64054,0,0.20358,0.0069925,0.039754,0.010886,0.00040972,0.15632,-2.2481e-17,8.3701e-10,-1.0326e-09,0,2.5377e-06,2.3717e-06,3.2377e-08,1.6788e-05,9.4317e-06,2.1419e-07,7.8938e-07,7.3774e-07,1.0071e-08,1,3,2.4904e-07,17.371,20.049,3.6571e-14,2.8824e-12,1.4356e-13,2.5664e-07,1,0.000273,0.0015,0.000273,5e-06
0.0008453,2.5e-16,9.7601,0.64073,0,0.20358,0.0069851,0.039766,0.010891,0.00019693,0.15637,-7.4024e-18,8.723e-10,-6.27e-10,0,1.2168e-06,1.1372e-06,1.5524e-08,8.0751e-06,4.5366e-06,1.0302e-07,3.7889e-07,3.541e-07,4.8339e-09,1,3,1.1871e-07,17.342,20.049,1.738e-14,1.374e-12,6.8457e-14,1.2338e-07,1,0.000276,0.0015,0.000276,5e-06
0.00032226,2.5e-16,9.7847,0.64091,0,0.20358,0.0069777,0.039778,0.010896,7.4951e-05,0.15642,1.153e-19,8.4603e-10,-3.1665e-10,0,4.6045e-07,4.3033e-07,5.8745e-09,3.0786e-06,1.7295e-06,3.9277e-08,1.4373e-07,1.3433e-07,1.8338e-09,1,3,4.4275e-08,17.312,20.049,6.435e-15,5.1245e-13,2.5555e-14,4.6985e-08,1,0.000279,0.0015,0.000279,5e-06
0.00018829,2.5e-16,9.8087,0.64109,0,0.20357,0.0069703,0.03979,0.010901,4.378e-05,0.15647,7.2665e-20,7.5819e-10,-1.0154e-10,0,2.6869e-07,2.5111e-07,3.428e-09,1.7988e-06,1.0105e-06,2.2949e-08,8.3911e-08,7.8422e-08,1.0706e-09,1,3,2.5733e-08,17.283,20.049,3.7355e-15,2.9784e-13,1.4854e-14,2.7447e-08,1,0.000282,0.0015,0.000282,5e-06
5.4323e-05,2.5e-16,9.8326,0.64128,0,0.20357,0.0069629,0.039802,0.010906,1.2609e-05,0.15652,3.0031e-20,6.7036e-10,1.1357e-10,0,7.6925e-08,7.1892e-08,9.8142e-10,5.1894e-07,2.9154e-07,6.6207e-09,2.409e-08,2.2514e-08,3.0734e-10,1,3,7.191e-09,17.253,20.049,1.036e-15,8.323e-14,4.1532e-15,7.9095e-09,1,0.000285,0.0015,0.000285,5e-06
3.4864e-05,2.5e-16,9.8547,0.64146,0,0.20356,0.0069555,0.039814,0.01091,8.0912e-06,0.15657,1.8743e-20,5.1488e-10,7.7613e-11,0,4.9339e-08,4.6112e-08,6.2948e-10,3.3306e-07,1.8711e-07,4.2492e-09,1.5454e-08,1.4443e-08,1.9716e-10,1,3,4.6078e-09,17.224,20.049,6.6341e-16,5.3331e-14,2.6615e-15,5.0758e-09,1,0.000288,0.0015,0.000288,5e-06
1.5406e-05,2.5e-16,9.8769,0.64165,0,0.20356,0.0069481,0.039825,0.010915,3.5735e-06,0.15662,7.4555e-21,3.5941e-10,4.1656e-11,0,2.1754e-08,2.0331e-08,2.7754e-10,1.4717e-07,8.2679e-08,1.8776e-09,6.8177e-09,6.3717e-09,8.6981e-11,1,3,2.0246e-09,17.194,20.049,2.9084e-16,2.3433e-14,1.1698e-15,2.2421e-09,1,0.000291,0.0015,0.000291,5e-06
4.6087e-06,2.5e-16,9.898,0.64183,0,0.20355,0.0069407,0.039837,0.01092,1.0672e-06,0.15667,1.4649e-21,2.3054e-10,-3.0939e-12,0,6.4605e-09,6.0378e-09,8.2424e-11,4.4026e-08,2.4734e-08,5.6169e-10,2.0282e-09,1.8955e-09,2.5876e-11,1,3,5.9518e-10,17.165,20.049,8.4914e-17,6.8887e-15,3.4415e-16,6.6999e-10,1,0.000294,0.0015,0.000294,5e-06
2.4731e-06,2.5e-16,9.918,0.64201,0,0.20355,0.0069332,0.039849,0.010925,5.7238e-07,0.15672,7.715e-22,1.2827e-10,-5.6637e-11,0,3.4595e-09,3.2332e-09,4.4136e-11,2.3625e-08,1.3273e-08,3.0142e-10,1.0852e-09,1.0142e-09,1.3845e-11,1,3,3.195e-10,17.136,20.049,4.5629e-17,3.6979e-15,1.8446e-16,3.594e-10,1,0.000297,0.0015,0.000297,5e-06
3.3751e-07,2.5e-16,9.938,0.6422,0,0.20355,0.0069258,0.039861,0.010929,7.7517e-08,0.15677,7.8093e-23,2.6005e-11,-1.1018e-10,0,4.5844e-10,4.2845e-10,5.8489e-12,3.2242e-09,1.8114e-09,4.1135e-11,1.4221e-10,1.3291e-10,1.8143e-12,1,3,4.3807e-11,17.106,20.049,6.3448e-18,5.0703e-16,2.4775e-17,4.8798e-11,1,0.0003,0.0015,0.0003,5e-06
2.1209e-07,2.5e-16,9.9556,0.64238,0,0.20354,0.0069184,0.039873,0.010934,4.8509e-08,0.15682,4.7721e-23,2.5416e-13,-1.1127e-10,0,2.8378e-10,2.6521e-10,3.6205e-12,2.0261e-09,1.1383e-09,2.585e-11,8.7013e-11,8.132e-11,1.1101e-12,1,3,2.784e-11,17.077,20.049,4.2976e-18,3.2222e-16,1.5114e-17,3.058e-11,1,0.000303,0.0015,0.000303,5e-06
8.6678e-08,2.5e-16,9.9731,0.64256,0,0.20354,0.0069109,0.039885,0.010939,1.9501e-08,0.15687,1.7348e-23,-2.5497e-11,-1.1235e-10,0,1.0911e-10,1.0198e-10,1.3921e-12,8.2803e-10,4.6518e-10,1.0564e-11,3.1816e-11,2.9734e-11,4.0591e-13,1,3,1.1872e-11,17.047,20.049,2.2505e-18,1.3741e-16,5.4528e-18,1.2362e-11,1,0.000306,0.0015,0.000306,5e-06
2.2056e-08,2.5e-16,9.9893,0.64275,0,0.20353,0.0069035,0.039897,0.010944,4.555e-09,0.15691,1.7505e-24,-4.0896e-11,-1.0856e-10,0,1.9139e-11,1.7887e-11,2.4418e-13,2.107e-10,1.1837e-10,2.6881e-12,3.3893e-12,3.1676e-12,4.3241e-14,1,3,3.6527e-12,17.018,20.049,1.2269e-18,4.2277e-17,4.977e-19,2.9755e-12,1,0.000309,0.0015,0.000309,5e-06
1.823e-08,2.5e-16,10.004,0.64293,0,0.20353,0.006896,0.039908,0.010948,3.6723e-09,0.15696,9.2763e-25,-4.5943e-11,-9.9905e-11,0,1.3854e-11,1.2948e-11,1.7675e-13,1.7415e-10,9.7836e-11,2.2218e-12,1.7344e-12,1.621e-12,2.2128e-14,1,3,3.1813e-12,16.988,20.049,1.2269e-18,3.682e-17,2.4885e-19,2.4207e-12,1,0.000312,0.0015,0.000312,5e-06
1.4404e-08,2.5e-16,10.019,0.64311,0,0.20353,0.0068886,0.03992,0.010953,2.7895e-09,0.15701,1.0479e-25,-5.0989e-11,-9.1245e-11,0,8.5689e-12,8.0083e-12,1.0932e-13,1.376e-10,7.7302e-11,1.7555e-12,7.9515e-14,7.4313e-14,1.0145e-15,1,3,2.7098e-12,16.959,20.049,1.2269e-18,3.1364e-17,0,1.8658e-12,1,0.000315,0.0015,0.000315,5e-06
1.4333e-08,2.5e-16,10.031,0.6433,0,0.20352,0.0068811,0.039932,0.010958,2.773e-09,0.15706,9.2274e-26,-5.2103e-11,-8.3868e-11,0,8.4662e-12,7.9124e-12,1.0801e-13,1.3692e-10,7.6922e-11,1.7469e-12,4.8185e-14,4.5033e-14,6.1475e-16,1,3,2.7016e-12,16.93,20.049,1.2269e-18,3.1268e-17,0,1.8555e-12,1,0.000318,0.0015,0.000318,5e-06
1.4262e-08,2.5e-16,10.043,0.64348,0,0.20352,0.0068737,0.039944,0.010963,2.7565e-09,0.15711,7.9758e-26,-5.3216e-11,-7.6492e-11,0,8.3636e-12,7.8164e-12,1.067e-13,1.3625e-10,7.6543e-11,1.7382e-12,1.6856e-14,1.5753e-14,2.1505e-16,1,3,2.6933e-12,16.9,20.049,1.2269e-18,3.1173e-17,0,1.8452e-12,1,0.000321,0.0015,0.000321,5e-06
1.4228e-08,2.5e-16,10.054,0.64366,0,0.20351,0.0068662,0.039956,0.010967,2.7485e-09,0.15716,7.0183e-26,-5.386e-11,-6.914e-11,0,8.3115e-12,7.7677e-12,1.0604e-13,1.3592e-10,7.6359e-11,1.7341e-12,9.5575e-16,8.9322e-16,1.2194e-17,1,3,2.6898e-12,16.871,20.049,1.2269e-18,3.1132e-17,0,1.8401e-12,1,0.000324,0.0015,0.000324,5e-06
1.423e-08,2.5e-16,10.063,0.64384,0,0.20351,0.0068587,0.039968,0.010972,2.7488e-09,0.15721,6.3547e-26,-5.4035e-11,-6.1812e-11,0,8.3099e-12,7.7663e-12,1.0602e-13,1.3594e-10,7.6371e-11,1.7343e-12,4.8528e-16,4.5353e-16,6.1913e-18,1,3,2.6909e-12,16.841,20.049,1.2269e-18,3.1145e-17,0,1.8404e-12,1,0.000327,0.0015,0.000327,5e-06
1.4232e-08,2.5e-16,10.072,0.64403,0,0.2035,0.0068513,0.039979,0.010977,2.7491e-09,0.15726,5.6912e-26,-5.4211e-11,-5.4484e-11,0,8.3083e-12,7.7648e-12,1.06e-13,1.3596e-10,7.6383e-11,1.7346e-12,1.4815e-17,1.3846e-17,1.8902e-19,1,3,2.6921e-12,16.812,20.049,1.2269e-18,3.1158e-17,0,1.8406e-12,1,0.00033,0.0015,0.00033,5e-06
1.4235e-08,2.5e-16,10.078,0.64421,0,0.2035,0.0068438,0.039991,0.010982,2.7495e-09,0.15731,5.8698e-26,-5.3777e-11,-4.8082e-11,0,8.3083e-12,7.7648e-12,1.06e-13,1.3599e-10,7.6396e-11,1.7349e-12,8.9523e-18,8.3666e-18,1.1421e-19,1,3,2.693e-12,16.782,20.049,1.2269e-18,3.1169e-17,0,1.8409e-12,1,0.000333,0.0015,0.000333,5e-06
1.4237e-08,2.5e-16,10.085,0.64439,0,0.2035,0.0068363,0.040003,0.010986,2.75e-09,0.15736,6.0483e-26,-5.3344e-11,-4.1679e-11,0,8.3083e-12,7.7648e-12,1.06e-13,1.3601e-10,7.6409e-11,1.7352e-12,3.0892e-18,2.8871e-18,3.9412e-20,1,3,2.6939e-12,16.753,20.049,1.2269e-18,3.118e-17,0,1.8412e-12,1,0.000336,0.0015,0.000336,5e-06
1.4239e-08,2.5e-16,10.09,0.64458,0,0.20349,0.0068288,0.040015,0.010991,2.7503e-09,0.15741,6.6848e-26,-5.2695e-11,-3.5935e-11,0,8.3083e-12,7.7647e-12,1.06e-13,1.3603e-10,7.642e-11,1.7355e-12,1.2639e-19,1.1813e-19,1.6125e-21,1,3,2.6947e-12,16.724,20.049,1.2269e-18,3.1188e-17,0,1.8415e-12,1,0.000339,0.0015,0.000339,5e-06
1.4241e-08,2.5e-16,10.094,0.64476,0,0.20349,0.0068214,0.040027,0.010996,2.7506e-09,0.15746,7.7793e-26,-5.183e-11,-3.085e-11,0,8.3083e-12,7.7647e-12,1.06e-13,1.3604e-10,7.6428e-11,1.7356e-12,6.3958e-20,5.9774e-20,8.1599e-22,1,3,2.6952e-12,16.694,20.049,1.2269e-18,3.1195e-17,0,1.8416e-12,1,0.000342,0.0015,0.000342,5e-06
1.4242e-08,2.5e-16,10.097,0.64494,0,0.20348,0.0068139,0.040038,0.011001,2.7508e-09,0.15751,8.8738e-26,-5.0964e-11,-2.5765e-11,0,8.3083e-12,7.7647e-12,1.06e-13,1.3606e-10,7.6436e-11,1.7358e-12,1.5232e-21,1.4235e-21,1.9433e-23,1,3,2.6958e-12,16.665,20.049,1.2269e-18,3.1201e-17,0,1.8418e-12,1,0.000345,0.0015,0.000345,5e-06
1.4243e-08,2.5e-16,10.099,0.64512,0,0.20348,0.0068064,0.04005,0.011005,2.7509e-09,0.15756,8.9987e-26,-4.9898e-11,-2.212e-11,0,8.3083e-12,7.7647e-12,1.06e-13,1.3606e-10,7.6439e-11,1.7359e-12,9.1936e-22,8.5922e-22,1.1729e-23,1,3,2.696e-12,16.635,20.049,1.2269e-18,3.1204e-17,0,1.8419e-12,1,0.000348,0.0015,0.000348,5e-06
1.4244e-08,2.5e-16,10.1,0.64531,0,0.20348,0.0067989,0.040062,0.01101,2.7511e-09,0.15761,9.1237e-26,-4.8832e-11,-1.8476e-11,0,8.3083e-12,7.7647e-12,1.06e-13,1.3607e-10,7.6443e-11,1.736e-12,3.1556e-22,2.9491e-22,4.0259e-24,1,3,2.6962e-12,16.606,20.049,1.2269e-18,3.1206e-17,0,1.842e-12,1,0.000351,0.0015,0.000351,5e-06
1.4244e-08,2.5e-16,10.1,0.64549,0,0.20347,0.0067914,0.040074,0.011015,2.7511e-09,0.15766,9.9387e-26,-4.773e-11,-1.5412e-11,0,8.3083e-12,7.7647e-12,1.06e-13,1.3607e-10,7.6444e-11,1.736e-12,1.0942e-23,1.0226e-23,1.396e-25,1,3,2.6963e-12,16.576,20.049,1.2269e-18,3.1207e-17,0,1.842e-12,1,0.000354,0.0015,0.000354,5e-06
1.4244e-08,2.5e-16,10.1,0.64567,0,0.20347,0.0067839,0.040085,0.01102,2.7511e-09,0.15771,1.1444e-25,-4.6591e-11,-1.2926e-11,0,8.3083e-12,7.7647e-12,1.06e-13,1.3607e-10,7.6443e-11,1.736e-12,5.5268e-24,5.1652e-24,7.0511e-26,1,3,2.6962e-12,16.547,20.049,1.2269e-18,3.1206e-17,0,1.842e-12,1,0.000357,0.0015,0.000357,5e-06
1.4244e-08,2.5e-16,10.099,0.64585,0,0.20346,0.0067764,0.040097,0.011024,2.7511e-09,0.15776,1.2949e-25,-4.5452e-11,-1.0441e-11,0,8.3083e-12,7.7647e-12,1.06e-13,1.3607e-10,7.6443e-11,1.736e-12,1.1184e-25,1.0452e-25,1.4269e-27,1,3,2.6961e-12,16.518,20.049,1.2269e-18,3.1205e-17,0,1.842e-12,1,0.00036,0.0015,0.00036,5e-06
1.4243e-08,2.5e-16,10.096,0.64604,0,0.20346,0.0067689,0.040109,0.011029,2.7509e-09,0.15781,1.4264e-25,-4.4246e-11,-8.8939e-12,0,8.3083e-12,7.7648e-12,1.06e-13,1.3606e-10,7.6439e-11,1.7359e-12,6.7438e-26,6.3026e-26,8.6039e-28,1,3,2.6958e-12,16.488,20.049,1.2269e-18,3.1202e-17,0,1.8419e-12,1,0.000363,0.0015,0.000363,5e-06
1.4242e-08,2.5e-16,10.094,0.64622,0,0.20345,0.0067614,0.040121,0.011034,2.7508e-09,0.15786,1.5579e-25,-4.304e-11,-7.3466e-12,0,8.3083e-12,7.7648e-12,1.06e-13,1.3605e-10,7.6434e-11,1.7358e-12,2.3035e-26,2.1528e-26,2.9389e-28,1,3,2.6955e-12,16.459,20.049,1.2269e-18,3.1198e-17,0,1.8418e-12,1,0.000366,0.0015,0.000366,5e-06
1.4241e-08,2.5e-16,10.09,0.6464,0,0.20345,0.0067539,0.040132,0.011039,2.7506e-09,0.1579,1.6345e-25,-4.1808e-11,-6.1244e-12,0,8.3083e-12,7.7648e-12,1.06e-13,1.3604e-10,7.6429e-11,1.7357e-12,6.6819e-28,6.2448e-28,8.5249e-30,1,3,2.6951e-12,16.429,20.049,1.2269e-18,3.1193e-17,0,1.8417e-12,1,0.000369,0.0015,0.000369,5e-06
1.424e-08,2.5e-16,10.087,0.64658,0,0.20345,0.0067463,0.040144,0.011043,2.7504e-09,0.15795,1.6562e-25,-4.0548e-11,-5.2273e-12,0,8.3083e-12,7.7648e-12,1.06e-13,1.3603e-10,7.6422e-11,1.7355e-12,3.3695e-28,3.149e-28,4.2988e-30,1,3,2.6946e-12,16.4,20.049,1.2269e-18,3.1187e-17,0,1.8415e-12,1,0.000372,0.0015,0.000372,5e-06
1.4238e-08,2.5e-16,10.083,0.64677,0,0.20344,0.0067388,0.040156,0.011048,2.7502e-09,0.158,1.678e-25,-3.9289e-11,-4.3301e-12,0,8.3083e-12,7.7648e-12,1.06e-13,1.3602e-10,7.6415e-11,1.7353e-12,5.6971e-30,5.3244e-30,7.2684e-32,1,3,2.6941e-12,16.37,20.049,1.2269e-18,3.1181e-17,0,1.8413e-12,1,0.000375,0.0015,0.000375,5e-06
1.4237e-08,2.5e-16,10.078,0.64695,0,0.20344,0.0067313,0.040168,0.011053,2.7499e-09,0.15805,1.6956e-25,-3.7995e-11,-3.9036e-12,0,8.3083e-12,7.7648e-12,1.06e-13,1.36e-10,7.6406e-11,1.7351e-12,3.4326e-30,3.2081e-30,4.3794e-32,1,3,2.6934e-12,16.341,20.049,1.2269e-18,3.1174e-17,0,1.8411e-12,1,0.000378,0.0015,0.000378,5e-06
1.4235e-08,2.5e-16,10.073,0.64713,0,0.20343,0.0067238,0.040179,0.011057,2.7496e-09,0.1581,1.7132e-25,-3.67e-11,-3.4771e-12,0,8.3083e-12,7.7648e-12,1.06e-13,1.3599e-10,7.6397e-11,1.7349e-12,1.1682e-30,1.0918e-30,1.4904e-32,1,3,2.6927e-12,16.312,20.049,1.2269e-18,3.1166e-17,0,1.8409e-12,1,0.000381,0.0015,0.000381,5e-06
1.4233e-08,2.5e-16,10.067,0.64731,0,0.20343,0.0067163,0.040191,0.011062,2.7493e-09,0.15815,1.7244e-25,-3.5409e-11,-3.1825e-12,0,8.3083e-12,7.7647e-12,1.06e-13,1.3597e-10,7.6388e-11,1.7347e-12,2.8851e-32,2.6964e-32,3.6809e-34,1,3,2.692e-12,16.282,20.049,1.2269e-18,3.1158e-17,0,1.8407e-12,1,0.000384,0.0015,0.000384,5e-06
1.4231e-08,2.5e-16,10.062,0.64749,0,0.20343,0.0067087,0.040203,0.011067,2.7489e-09,0.1582,1.7293e-25,-3.412e-11,-3.0198e-12,0,8.3083e-12,7.7647e-12,1.06e-13,1.3595e-10,7.6377e-11,1.7345e-12,1.4532e-32,1.3581e-32,1.854e-34,1,3,2.6913e-12,16.253,20.049,1.2269e-18,3.1149e-17,0,1.8405e-12,1,0.000387,0.0015,0.000387,5e-06
1.4229e-08,2.5e-16,10.056,0.64768,0,0.20342,0.0067012,0.040215,0.011072,2.7486e-09,0.15825,1.7343e-25,-3.2832e-11,-2.8571e-12,0,8.3083e-12,7.7647e-12,1.06e-13,1.3593e-10,7.6367e-11,1.7343e-12,2.1246e-34,1.9856e-34,2.7106e-36,1,3,2.6905e-12,16.223,20.049,1.2269e-18,3.114e-17,0,1.8403e-12,1,0.00039,0.0015,0.00039,5e-06
1.4227e-08,2.5e-16,10.05,0.64786,0,0.20342,0.0066937,0.040226,0.011076,2.7482e-09,0.1583,1.944e-25,-3.1576e-11,-2.8393e-12,0,8.3083e-12,7.7647e-12,1.06e-13,1.3591e-10,7.6356e-11,1.734e-12,1.2795e-34,1.1958e-34,1.6324e-36,1,3,2.6897e-12,16.194,20.049,1.2269e-18,3.1131e-17,0,1.84e-12,1,0.000393,0.0015,0.000393,5e-06
1.4225e-08,2.5e-16,10.044,0.64804,0,0.20341,0.0066861,0.040238,0.011081,2.7479e-09,0.15835,2.1537e-25,-3.0319e-11,-2.8214e-12,0,8.3083e-12,7.7647e-12,1.06e-13,1.3589e-10,7.6345e-11,1.7338e-12,4.3434e-35,4.0592e-35,5.541e-37,1,3,2.6889e-12,16.164,20.049,1.2269e-18,3.1122e-17,0,1.8398e-12,1,0.000396,0.0015,0.000396,5e-06
1.4223e-08,2.5e-16,10.038,0.64822,0,0.20341,0.0066786,0.04025,0.011086,2.7475e-09,0.1584,2.3468e-25,-2.9092e-11,-2.8473e-12,0,8.3083e-12,7.7647e-12,1.06e-13,1.3587e-10,7.6334e-11,1.7335e-12,9.418e-37,8.8018e-37,1.1977e-38,1,3,2.6881e-12,16.135,20.049,1.2269e-18,3.1112e-17,0,1.8395e-12,1,0.000399,0.0015,0.000399,5e-06
1.4221e-08,2.5e-16,10.032,0.6484,0,0.20341,0.006671,0.040262,0.01109,2.7472e-09,0.15845,2.5234e-25,-2.7894e-11,-2.9169e-12,0,8.3083e-12,7.7647e-12,1.06e-13,1.3586e-10,7.6323e-11,1.7333e-12,4.709e-37,4.4009e-37,0,1,3,2.6873e-12,16.106,20.049,1.2269e-18,3.1103e-17,0,1.8393e-12,1,0.000402,0.0015,0.000402,5e-06
1.4219e-08,2.5e-16,10.026,0.64858,0,0.2034,0.0066635,0.040273,0.011095,2.7468e-09,0.1585,2.7e-25,-2.6696e-11,-2.9865e-12,0,8.3083e-12,7.7647e-12,1.06e-13,1.3584e-10,7.6312e-11,1.733e-12,0,0,0,1,3,2.6865e-12,16.076,20.049,1.2269e-18,3.1094e-17,0,1.839e-12,1,0.000405,0.0015,0.000405,5e-06
1.4217e-08,2.5e-16,10.021,0.64877,0,0.2034,0.006656,0.040285,0.0111,2.7465e-09,0.15855,2.4428e-25,-2.5577e-11,-3.1305e-12,0,8.3083e-12,7.7647e-12,1.06e-13,1.3582e-10,7.6302e-11,1.7328e-12,0,0,0,1,3,2.6857e-12,16.047,20.049,1.2269e-18,3.1085e-17,0,1.8388e-12,1,0.000408,0.0015,0.000408,5e-06
1.4215e-08,2.5e-16,10.015,0.64895,0,0.20339,0.0066484,0.040297,0.011105,2.7461e-09,0.1586,2.1857e-25,-2.4458e-11,-3.2745e-12,0,8.3083e-12,7.7647e-12,1.06e-13,1.358e-10,7.6291e-11,1.7325e-12,0,0,0,1,3,2.685e-12,16.017,20.049,1.2269e-18,3.1076e-17,0,1.8385e-12,1,0.000411,0.0015,0.000411,5e-06
1.4213e-08,2.5e-16,10.01,0.64913,0,0.20339,0.0066409,0.040308,0.011109,2.7458e-09,0.15864,1.848e-25,-2.3382e-11,-3.4303e-12,0,8.3083e-12,7.7647e-12,1.06e-13,1.3578e-10,7.6281e-11,1.7323e-12,0,0,0,1,3,2.6842e-12,15.988,20.049,1.2269e-18,3.1068e-17,0,1.8383e-12,1,0.000414,0.0015,0.000414,5e-06
1.4212e-08,2.5e-16,10.004,0.64931,0,0.20338,0.0066333,0.04032,0.011114,2.7455e-09,0.15869,1.4298e-25,-2.2347e-11,-3.5979e-12,0,8.3083e-12,7.7647e-12,1.06e-13,1.3576e-10,7.6272e-11,1.7321e-12,0,0,0,1,3,2.6836e-12,15.958,20.049,1.2269e-18,3.106e-17,0,1.8381e-12,1,0.000417,0.0015,0.000417,5e-06
1.421e-08,2.5e-16,9.9993,0.64949,0,0.20338,0.0066257,0.040332,0.011119,2.7452e-09,0.15874,1.0116e-25,-2.1313e-11,-3.7654e-12,0,8.3083e-12,7.7647e-12,1.06e-13,1.3575e-10,7.6262e-11,1.7319e-12,0,0,0,1,3,2.6829e-12,15.929,20.049,1.2269e-18,3.1052e-17,0,1.8379e-12,1,0.00042,0.0015,0.00042,5e-06
1.4208e-08,2.5e-16,9.9949,0.64967,0,0.20338,0.0066182,0.040343,0.011123,2.7449e-09,0.15879,1.0554e-25,-2.0367e-11,-3.9159e-12,0,8.3083e-12,7.7647e-12,1.06e-13,1.3573e-10,7.6254e-11,1.7317e-12,0,0,0,1,3,2.6823e-12,15.9,20.049,1.2269e-18,3.1045e-17,0,1.8377e-12,1,0.000423,0.0015,0.000423,5e-06
1.4207e-08,2.5e-16,9.9905,0.64986,0,0.20337,0.0066106,0.040355,0.011128,2.7446e-09,0.15884,1.0992e-25,-1.9421e-11,-4.0665e-12,0,8.3083e-12,7.7647e-12,1.06e-13,1.3572e-10,7.6246e-11,1.7315e-12,0,0,0,1,3,2.6817e-12,15.87,20.049,1.2269e-18,3.1038e-17,0,1.8375e-12,1,0.000426,0.0015,0.000426,5e-06
1.4206e-08,2.5e-16,9.9865,0.65004,0,0.20337,0.0066031,0.040367,0.011133,2.7444e-09,0.15889,1.2132e-25,-1.8524e-11,-4.2107e-12,0,8.3083e-12,7.7647e-12,1.06e-13,1.357e-10,7.6239e-11,1.7313e-12,0,0,0,1,3,2.6812e-12,15.841,20.049,1.2269e-18,3.1032e-17,0,1.8373e-12,1,0.000429,0.0015,0.000429,5e-06
1.4204e-08,2.5e-16,9.9831,0.65022,0,0.20336,0.0065955,0.040378,0.011137,2.7442e-09,0.15894,1.3975e-25,-1.7674e-11,-4.3487e-12,0,8.3083e-12,7.7647e-12,1.06e-13,1.3569e-10,7.6232e-11,1.7312e-12,0,0,0,1,3,2.6807e-12,15.811,20.049,1.2269e-18,3.1027e-17,0,1.8372e-12,1,0.000432,0.0015,0.000432,5e-06
1.4203e-08,2.5e-16,9.9796,0.6504,0,0.20336,0.0065879,0.04039,0.011142,2.744e-09,0.15899,1.5818e-25,-1.6825e-11,-4.4866e-12,0,8.3083e-12,7.7647e-12,1.06e-13,1.3568e-10,7.6226e-11,1.731e-12,0,0,0,1,3,2.6802e-12,15.782,20.049,1.2269e-18,3.1021e-17,0,1.837e-12,1,0.000435,0.0015,0.000435,5e-06
1.4202e-08,2.5e-16,9.9772,0.65058,0,0.20336,0.0065803,0.040402,0.011147,2.7438e-09,0.15904,1.4908e-25,-1.6077e-11,-4.6257e-12,0,8.3083e-12,7.7647e-12,1.06e-13,1.3567e-10,7.6222e-11,1.731e-12,0,0,0,1,3,2.6799e-12,15.752,20.049,1.2269e-18,3.1018e-17,0,1.837e-12,1,0.000438,0.0015,0.000438,5e-06
1.4202e-08,2.5e-16,9.9748,0.65076,0,0.20335,0.0065728,0.040413,0.011152,2.7437e-09,0.15909,1.3998e-25,-1.5329e-11,-4.7648e-12,0,8.3083e-12,7.7647e-12,1.06e-13,1.3567e-10,7.6217e-11,1.7309e-12,0,0,0,1,3,2.6796e-12,15.723,20.049,1.2269e-18,3.1014e-17,0,1.8369e-12,1,0.000441,0.0015,0.000441,5e-06
1.4201e-08,2.5e-16,9.973,0.65094,0,0.20335,0.0065652,0.040425,0.011156,2.7436e-09,0.15914,1.284e-25,-1.4629e-11,-4.8906e-12,0,8.3083e-12,7.7647e-12,1.06e-13,1.3566e-10,7.6214e-11,1.7308e-12,0,0,0,1,3,2.6794e-12,15.694,20.049,1.2269e-18,3.1011e-17,0,1.8368e-12,1,0.000444,0.0015,0.000444,5e-06
1.4201e-08,2.5e-16,9.9719,0.65113,0,0.20334,0.0065576,0.040437,0.011161,2.7435e-09,0.15919,1.1437e-25,-1.3977e-11,-5.0031e-12,0,8.3083e-12,7.7647e-12,1.06e-13,1.3566e-10,7.6212e-11,1.7307e-12,0,0,0,1,3,2.6792e-12,15.664,20.049,1.2269e-18,3.101e-17,0,1.8367e-12,1,0.000447,0.0015,0.000447,5e-06
1.42e-08,2.5e-16,9.9708,0.65131,0,0.20334,0.00655,0.040449,0.011166,2.7435e-09,0.15924,1.0033e-25,-1.3324e-11,-5.1156e-12,0,8.3083e-12,7.7647e-12,1.06e-13,1.3565e-10,7.6211e-11,1.7307e-12,0,0,0,1,3,2.6791e-12,15.635,20.049,1.2269e-18,3.1008e-17,0,1.8367e-12,1,0.00045,0.0015,0.00045,5e-06
1.42e-08,2.5e-16,9.9711,0.65149,0,0.20333,0.0065425,0.04046,0.01117,2.7435e-09,0.15928,9.7815e-26,-1.276e-11,-5.177e-12,0,8.3083e-12,7.7647e-12,1.06e-13,1.3566e-10,7.6212e-11,1.7307e-12,0,0,0,1,3,2.6792e-12,15.605,20.049,1.2269e-18,3.1009e-17,0,1.8367e-12,1,0.000453,0.0015,0.000453,5e-06
1.4201e-08,2.5e-16,9.9713,0.65167,0,0.20333,0.0065349,0.040472,0.011175,2.7435e-09,0.15933,9.53e-26,-1.2195e-11,-5.2385e-12,0,8.3083e-12,7.7647e-12,1.06e-13,1.3566e-10,7.6212e-11,1.7307e-12,0,0,0,1,3,2.6792e-12,15.576,20.049,1.2269e-18,3.101e-17,0,1.8367e-12,1,0.000456,0.0015,0.000456,5e-06
1.4201e-08,2.5e-16,9.9724,0.65185,0,0.20333,0.0065273,0.040483,0.01118,2.7436e-09,0.15938,9.7405e-26,-1.1667e-11,-5.2828e-12,0,8.3083e-12,7.7647e-12,1.06e-13,1.3566e-10,7.6215e-11,1.7308e-12,0,0,0,1,3,2.6794e-12,15.546,20.049,1.2269e-18,3.1012e-17,0,1.8368e-12,1,0.000459,0.0015,0.000459,5e-06
1.4202e-08,2.5e-16,9.9743,0.65203,0,0.20332,0.0065197,0.040495,0.011184,2.7437e-09,0.15943,1.0413e-25,-1.1175e-11,-5.3099e-12,0,8.3083e-12,7.7647e-12,1.06e-13,1.3567e-10,7.6219e-11,1.7309e-12,0,0,0,1,3,2.6797e-12,15.517,20.049,1.2269e-18,3.1015e-17,0,1.8369e-12,1,0.000462,0.0015,0.000462,5e-06
1.4203e-08,2.5e-16,9.9761,0.65221,0,0.20332,0.0065121,0.040507,0.011189,2.7439e-09,0.15948,1.1086e-25,-1.0683e-11,-5.337e-12,0,8.3083e-12,7.7647e-12,1.06e-13,1.3568e-10,7.6223e-11,1.731e-12,0,0,0,1,3,2.68e-12,15.487,20.049,1.2269e-18,3.1018e-17,0,1.837e-12,1,0.000465,0.0015,0.000465,5e-06
1.4204e-08,2.5e-16,9.9798,0.65239,0,0.20331,0.0065045,0.040518,0.011194,2.7441e-09,0.15953,1.0642e-25,-1.0248e-11,-5.3626e-12,0,8.3083e-12,7.7647e-12,1.06e-13,1.3569e-10,7.623e-11,1.7312e-12,0,0,0,1,3,2.6805e-12,15.458,20.049,1.2269e-18,3.1024e-17,0,1.8372e-12,1,0.000468,0.0015,0.000468,5e-06
1.4205e-08,2.5e-16,9.9834,0.65257,0,0.20331,0.0064969,0.04053,0.011198,2.7444e-09,0.15958,1.0199e-25,-9.814e-12,-5.3881e-12,0,8.3083e-12,7.7647e-12,1.06e-13,1.357e-10,7.6238e-11,1.7313e-12,0,0,0,1,3,2.681e-12,15.429,20.049,1.2269e-18,3.1031e-17,0,1.8373e-12,1,0.000471,0.0015,0.000471,5e-06
1.4207e-08,2.5e-16,9.988,0.65275,0,0.20331,0.0064893,0.040542,0.011203,2.7447e-09,0.15963,1.0376e-25,-9.4025e-12,-5.4167e-12,0,8.3083e-12,7.7647e-12,1.06e-13,1.3572e-10,7.6247e-11,1.7315e-12,0,0,0,1,3,2.6817e-12,15.399,20.049,1.2269e-18,3.1038e-17,0,1.8375e-12,1,0.000474,0.0015,0.000474,5e-06
1.4209e-08,2.5e-16,9.9935,0.65293,0,0.2033,0.0064817,0.040553,0.011208,2.745e-09,0.15968,1.1174e-25,-9.0137e-12,-5.4484e-12,0,8.3083e-12,7.7647e-12,1.06e-13,1.3574e-10,7.6258e-11,1.7318e-12,0,0,0,1,3,2.6825e-12,15.37,20.049,1.2269e-18,3.1048e-17,0,1.8378e-12,1,0.000477,0.0015,0.000477,5e-06
1.4211e-08,2.5e-16,9.9991,0.65311,0,0.2033,0.0064741,0.040565,0.011212,2.7454e-09,0.15973,1.1971e-25,-8.625e-12,-5.48e-12,0,8.3083e-12,7.7647e-12,1.06e-13,1.3576e-10,7.627e-11,1.732e-12,0,0,0,1,3,2.6833e-12,15.34,20.049,1.2269e-18,3.1057e-17,0,1.838e-12,1,0.00048,0.0015,0.00048,5e-06
1.4214e-08,2.5e-16,10.007,0.6533,0,0.20329,0.0064665,0.040577,0.011217,2.7459e-09,0.15978,1.2249e-25,-8.2735e-12,-5.505e-12,0,8.3083e-12,7.7647e-12,1.06e-13,1.3579e-10,7.6285e-11,1.7324e-12,0,0,0,1,3,2.6844e-12,15.311,20.049,1.2269e-18,3.107e-17,0,1.8384e-12,1,0.000483,0.0015,0.000483,5e-06
1.4217e-08,2.5e-16,10.014,0.65348,0,0.20329,0.0064589,0.040588,0.011222,2.7464e-09,0.15982,1.2527e-25,-7.9219e-12,-5.53e-12,0,8.3083e-12,7.7647e-12,1.06e-13,1.3581e-10,7.63e-11,1.7327e-12,0,0,0,1,3,2.6855e-12,15.282,20.049,1.2269e-18,3.1082e-17,0,1.8387e-12,1,0.000486,0.0015,0.000486,5e-06
1.422e-08,2.5e-16,10.023,0.65366,0,0.20329,0.0064513,0.0406,0.011226,2.747e-09,0.15987,1.1638e-25,-7.5894e-12,-5.5467e-12,0,8.3083e-12,7.7647e-12,1.06e-13,1.3585e-10,7.6318e-11,1.7331e-12,0,0,0,1,3,2.6868e-12,15.252,20.049,1.2269e-18,3.1097e-17,0,1.8391e-12,1,0.000489,0.0015,0.000489,5e-06
1.4224e-08,2.5e-16,10.033,0.65384,0,0.20328,0.0064437,0.040611,0.011231,2.7476e-09,0.15992,9.5837e-26,-7.2759e-12,-5.5552e-12,0,8.3083e-12,7.7647e-12,1.06e-13,1.3588e-10,7.6338e-11,1.7336e-12,0,0,0,1,3,2.6882e-12,15.223,20.049,1.2269e-18,3.1113e-17,0,1.8396e-12,1,0.000492,0.0015,0.000492,5e-06
1.4228e-08,2.5e-16,10.043,0.65402,0,0.20328,0.0064361,0.040623,0.011236,2.7483e-09,0.15997,7.5291e-26,-6.9625e-12,-5.5637e-12,0,8.3083e-12,7.7647e-12,1.06e-13,1.3592e-10,7.6358e-11,1.734e-12,0,0,0,1,3,2.6896e-12,15.193,20.049,1.2269e-18,3.113e-17,0,1.84e-12,1,0.000495,0.0015,0.000495,5e-06
1.4232e-08,2.5e-16,10.056,0.6542,0,0.20327,0.0064285,0.040635,0.01124,2.7491e-09,0.16002,6.4319e-26,-6.6828e-12,-5.56e-12,0,8.3083e-12,7.7647e-12,1.06e-13,1.3596e-10,7.6382e-11,1.7346e-12,0,0,0,1,3,2.6914e-12,15.164,20.049,1.2269e-18,3.115e-17,0,1.8406e-12,1,0.000498,0.0015,0.000498,5e-06
1.4237e-08,2.5e-16,10.068,0.65438,0,0.20327,0.0064209,0.040646,0.011245,2.7499e-09,0.16007,5.3348e-26,-6.4031e-12,-5.5564e-12,0,8.3083e-12,7.7647e-12,1.06e-13,1.36e-10,7.6407e-11,1.7352e-12,0,0,0,1,3,2.6931e-12,15.134,20.049,1.2269e-18,3.1171e-17,0,1.8412e-12,1,0.000501,0.0015,0.000501,5e-06
1.4242e-08,2.5e-16,10.082,0.65456,0,0.20326,0.0064132,0.040658,0.01125,2.7508e-09,0.16012,4.9835e-26,-6.1382e-12,-5.5506e-12,0,8.3083e-12,7.7647e-12,1.06e-13,1.3605e-10,7.6434e-11,1.7358e-12,0,0,0,1,3,2.6951e-12,15.105,20.049,1.2269e-18,3.1193e-17,0,1.8418e-12,1,0.000504,0.0015,0.000504,5e-06
1.4247e-08,2.5e-16,10.097,0.65474,0,0.20326,0.0064056,0.040669,0.011254,2.7517e-09,0.16017,5.378e-26,-5.8881e-12,-5.5425e-12,0,8.3083e-12,7.7647e-12,1.06e-13,1.361e-10,7.6463e-11,1.7364e-12,0,0,0,1,3,2.6972e-12,15.076,20.049,1.2269e-18,3.1217e-17,0,1.8424e-12,1,0.000507,0.0015,0.000507,5e-06
1.4253e-08,2.5e-16,10.112,0.65492,0,0.20326,0.006398,0.040681,0.011259,2.7527e-09,0.16022,5.7725e-26,-5.6381e-12,-5.5345e-12,0,8.3083e-12,7.7647e-12,1.06e-13,1.3616e-10,7.6492e-11,1.7371e-12,0,0,0,1,3,2.6993e-12,15.046,20.049,1.2269e-18,3.1242e-17,0,1.8431e-12,1,0.00051,0.0015,0.00051,5e-06
1.4259e-08,2.5e-16,10.13,0.6551,0,0.20325,0.0063904,0.040693,0.011264,2.7538e-09,0.16027,6.1879e-26,-5.4129e-12,-5.5255e-12,0,8.3083e-12,7.7647e-12,1.06e-13,1.3622e-10,7.6527e-11,1.7379e-12,0,0,0,1,3,2.7018e-12,15.017,20.049,1.2269e-18,3.127e-17,0,1.8439e-12,1,0.000513,0.0015,0.000513,5e-06
1.4266e-08,2.5e-16,10.147,0.65528,0,0.20325,0.0063828,0.040704,0.011268,2.7549e-09,0.16032,6.6034e-26,-5.1878e-12,-5.5164e-12,0,8.3083e-12,7.7647e-12,1.06e-13,1.3628e-10,7.6561e-11,1.7387e-12,0,0,0,1,3,2.7042e-12,14.987,20.049,1.2269e-18,3.1299e-17,0,1.8447e-12,1,0.000516,0.0015,0.000516,5e-06
1.4272e-08,2.5e-16,10.166,0.65546,0,0.20324,0.0063751,0.040716,0.011273,2.7561e-09,0.16036,6.3201e-26,-4.9714e-12,-5.5064e-12,0,8.3083e-12,7.7647e-12,1.06e-13,1.3634e-10,7.6598e-11,1.7395e-12,0,0,0,1,3,2.7069e-12,14.958,20.049,1.2269e-18,3.133e-17,0,1.8455e-12,1,0.000519,0.0015,0.000519,5e-06
1.428e-08,2.5e-16,10.186,0.65564,0,0.20324,0.0063675,0.040727,0.011278,2.7574e-09,0.16041,5.3381e-26,-4.7638e-12,-5.4955e-12,0,8.3083e-12,7.7647e-12,1.06e-13,1.3641e-10,7.6637e-11,1.7404e-12,0,0,0,1,3,2.7097e-12,14.928,20.049,1.2269e-18,3.1362e-17,0,1.8464e-12,1,0.000522,0.0015,0.000522,5e-06
1.4287e-08,2.5e-16,10.207,0.65582,0,0.20324,0.0063599,0.040739,0.011282,2.7587e-09,0.16046,4.3562e-26,-4.5562e-12,-5.4845e-12,0,8.3083e-12,7.7647e-12,1.06e-13,1.3648e-10,7.6676e-11,1.7413e-12,0,0,0,1,3,2.7125e-12,14.899,20.049,1.2269e-18,3.1395e-17,0,1.8473e-12,1,0.000525,0.0015,0.000525,5e-06
1.4295e-08,2.5e-16,10.229,0.656,0,0.20323,0.0063523,0.040751,0.011287,2.7601e-09,0.16051,4.0098e-26,-4.3684e-12,-5.4669e-12,0,8.3083e-12,7.7647e-12,1.06e-13,1.3656e-10,7.672e-11,1.7423e-12,0,0,0,1,3,2.7157e-12,14.869,20.049,1.2269e-18,3.1431e-17,0,1.8483e-12,1,0.000528,0.0015,0.000528,5e-06
1.4303e-08,2.5e-16,10.252,0.65618,0,0.20323,0.0063446,0.040762,0.011292,2.7615e-09,0.16056,3.6635e-26,-4.1807e-12,-5.4494e-12,0,8.3083e-12,7.7647e-12,1.06e-13,1.3664e-10,7.6763e-11,1.7433e-12,0,0,0,1,3,2.7188e-12,14.84,20.049,1.2269e-18,3.1468e-17,0,1.8493e-12,1,0.000531,0.0015,0.000531,5e-06
1.4312e-08,2.5e-16,10.276,0.65636,0,0.20322,0.006337,0.040774,0.011296,2.763e-09,0.16061,4.1257e-26,-4.0033e-12,-5.4279e-12,0,8.3083e-12,7.7647e-12,1.06e-13,1.3672e-10,7.6809e-11,1.7443e-12,0,0,0,1,3,2.7221e-12,14.811,20.049,1.2269e-18,3.1506e-17,0,1.8503e-12,1,0.000534,0.0015,0.000534,5e-06
1.4321e-08,2.5e-16,10.301,0.65654,0,0.20322,0.0063294,0.040785,0.011301,2.7646e-09,0.16066,5.3966e-26,-3.8364e-12,-5.4025e-12,0,8.3083e-12,7.7647e-12,1.06e-13,1.3681e-10,7.6857e-11,1.7454e-12,0,0,0,1,3,2.7256e-12,14.781,20.049,1.2269e-18,3.1546e-17,0,1.8514e-12,1,0.000537,0.0015,0.000537,5e-06
1.433e-08,2.5e-16,10.326,0.65672,0,0.20322,0.0063217,0.040797,0.011305,2.7661e-09,0.16071,6.6674e-26,-3.6694e-12,-5.3771e-12,0,8.3083e-12,7.7647e-12,1.06e-13,1.3689e-10,7.6905e-11,1.7465e-12,0,0,0,1,3,2.729e-12,14.752,20.049,1.2269e-18,3.1586e-17,0,1.8525e-12,1,0.00054,0.0015,0.00054,5e-06
1.4339e-08,2.5e-16,10.353,0.6569,0,0.20321,0.0063141,0.040808,0.01131,2.7678e-09,0.16076,7.0167e-26,-3.5192e-12,-5.3466e-12,0,8.3083e-12,7.7647e-12,1.06e-13,1.3698e-10,7.6956e-11,1.7476e-12,0,0,0,1,3,2.7327e-12,14.722,20.049,1.2269e-18,3.1629e-17,0,1.8536e-12,1,0.000543,0.0015,0.000543,5e-06
1.4349e-08,2.5e-16,10.379,0.65708,0,0.20321,0.0063065,0.04082,0.011315,2.7695e-09,0.16081,7.3659e-26,-3.369e-12,-5.3162e-12,0,8.3083e-12,7.7647e-12,1.06e-13,1.3707e-10,7.7007e-11,1.7488e-12,0,0,0,1,3,2.7364e-12,14.693,20.049,1.2269e-18,3.1671e-17,0,1.8548e-12,1,0.000546,0.0015,0.000546,5e-06
1.4358e-08,2.5e-16,10.407,0.65726,0,0.2032,0.0062988,0.040832,0.011319,2.7712e-09,0.16085,7.2513e-26,-3.2264e-12,-5.2848e-12,0,8.3083e-12,7.7647e-12,1.06e-13,1.3717e-10,7.7059e-11,1.75e-12,0,0,0,1,3,2.7402e-12,14.663,20.049,1.2269e-18,3.1715e-17,0,1.856e-12,1,0.000549,0.0015,0.000549,5e-06
1.4368e-08,2.5e-16,10.435,0.65744,0,0.2032,0.0062912,0.040843,0.011324,2.773e-09,0.1609,6.6729e-26,-3.0913e-12,-5.2524e-12,0,8.3083e-12,7.7647e-12,1.06e-13,1.3726e-10,7.7113e-11,1.7512e-12,0,0,0,1,3,2.7441e-12,14.634,20.049,1.2269e-18,3.176e-17,0,1.8572e-12,1,0.000552,0.0015,0.000552,5e-06
1.4378e-08,2.5e-16,10.464,0.65762,0,0.2032,0.0062836,0.040855,0.011329,2.7747e-09,0.16095,6.0945e-26,-2.9563e-12,-5.2201e-12,0,8.3083e-12,7.7647e-12,1.06e-13,1.3736e-10,7.7167e-11,1.7524e-12,0,0,0,1,3,2.748e-12,14.605,20.049,1.2269e-18,3.1805e-17,0,1.8584e-12,1,0.000555,0.0015,0.000555,5e-06
1.4389e-08,2.5e-16,10.493,0.6578,0,0.20319,0.0062759,0.040866,0.011333,2.7765e-09,0.161,5.9935e-26,-2.8311e-12,-5.1882e-12,0,8.3083e-12,7.7647e-12,1.06e-13,1.3746e-10,7.7222e-11,1.7537e-12,0,0,0,1,3,2.752e-12,14.575,20.049,1.2269e-18,3.1851e-17,0,1.8597e-12,1,0.000558,0.0015,0.000558,5e-06
1.4399e-08,2.5e-16,10.522,0.65798,0,0.20319,0.0062683,0.040878,0.011338,2.7783e-09,0.16105,5.8925e-26,-2.706e-12,-5.1562e-12,0,8.3083e-12,7.7647e-12,1.06e-13,1.3755e-10,7.7277e-11,1.7549e-12,0,0,0,1,3,2.7559e-12,14.546,20.049,1.2269e-18,3.1898e-17,0,1.8609e-12,1,0.000561,0.0015,0.000561,5e-06
1.4409e-08,2.5e-16,10.552,0.65816,0,0.20318,0.0062606,0.040889,0.011343,2.7801e-09,0.1611,5.8202e-26,-2.5842e-12,-5.1252e-12,0,8.3083e-12,7.7647e-12,1.06e-13,1.3765e-10,7.7333e-11,1.7562e-12,0,0,0,1,3,2.76e-12,14.516,20.049,1.2269e-18,3.1944e-17,0,1.8622e-12,1,0.000564,0.0015,0.000564,5e-06
1.442e-08,2.5e-16,10.581,0.65834,0,0.20318,0.006253,0.040901,0.011347,2.782e-09,0.16115,5.7767e-26,-2.4659e-12,-5.0949e-12,0,8.3083e-12,7.7647e-12,1.06e-13,1.3775e-10,7.7388e-11,1.7574e-12,0,0,0,1,3,2.764e-12,14.487,20.049,1.2269e-18,3.199e-17,0,1.8634e-12,1,0.000567,0.0015,0.000567,5e-06
1.443e-08,2.5e-16,10.611,0.65852,0,0.20317,0.0062453,0.040912,0.011352,2.7838e-09,0.1612,5.7331e-26,-2.3475e-12,-5.0647e-12,0,8.3083e-12,7.7647e-12,1.06e-13,1.3785e-10,7.7444e-11,1.7587e-12,0,0,0,1,3,2.768e-12,14.457,20.049,1.2269e-18,3.2037e-17,0,1.8647e-12,1,0.00057,0.0015,0.00057,5e-06
1.444e-08,2.5e-16,10.64,0.6587,0,0.20317,0.0062377,0.040924,0.011357,2.7856e-09,0.16125,5.6045e-26,-2.2382e-12,-5.035e-12,0,8.3083e-12,7.7647e-12,1.06e-13,1.3795e-10,7.7499e-11,1.76e-12,0,0,0,1,3,2.772e-12,14.428,20.049,1.2269e-18,3.2083e-17,0,1.866e-12,1,0.000573,0.0015,0.000573,5e-06
1.4451e-08,2.5e-16,10.669,0.65888,0,0.20317,0.00623,0.040935,0.011361,2.7873e-09,0.16129,5.4759e-26,-2.1289e-12,-5.0053e-12,0,8.3083e-12,7.7647e-12,1.06e-13,1.3805e-10,7.7554e-11,1.7612e-12,0,0,0,1,3,2.7759e-12,14.399,20.049,1.2269e-18,3.2129e-17,0,1.8672e-12,1,0.000576,0.0015,0.000576,5e-06
1.4461e-08,2.5e-16,10.698,0.65906,0,0.20316,0.0062224,0.040947,0.011366,2.7891e-09,0.16134,5.1985e-26,-2.024e-12,-4.975e-12,0,8.3083e-12,7.7647e-12,1.06e-13,1.3814e-10,7.7607e-11,1.7624e-12,0,0,0,1,3,2.7798e-12,14.369,20.049,1.2269e-18,3.2174e-17,0,1.8684e-12,1,0.000579,0.0015,0.000579,5e-06
1.447e-08,2.5e-16,10.726,0.65924,0,0.20316,0.0062147,0.040958,0.01137,2.7908e-09,0.16139,4.7723e-26,-1.9236e-12,-4.9443e-12,0,8.3083e-12,7.7647e-12,1.06e-13,1.3824e-10,7.766e-11,1.7636e-12,0,0,0,1,3,2.7836e-12,14.34,20.049,1.2269e-18,3.2218e-17,0,1.8696e-12,1,0.000582,0.0015,0.000582,5e-06
1.448e-08,2.5e-16,10.755,0.65942,0,0.20315,0.0062071,0.04097,0.011375,2.7926e-09,0.16144,4.3461e-26,-1.8231e-12,-4.9136e-12,0,8.3083e-12,7.7647e-12,1.06e-13,1.3833e-10,7.7713e-11,1.7648e-12,0,0,0,1,3,2.7875e-12,14.31,20.049,1.2269e-18,3.2262e-17,0,1.8708e-12,1,0.000585,0.0015,0.000585,5e-06
1.449e-08,2.5e-16,10.782,0.65959,0,0.20315,0.0061994,0.040982,0.01138,2.7942e-09,0.16149,3.6115e-26,-1.7318e-12,-4.8795e-12,0,8.3083e-12,7.7647e-12,1.06e-13,1.3842e-10,7.7763e-11,1.766e-12,0,0,0,1,3,2.7911e-12,14.281,20.049,1.2269e-18,3.2304e-17,0,1.872e-12,1,0.000588,0.0015,0.000588,5e-06
1.4499e-08,2.5e-16,10.808,0.65977,0,0.20315,0.0061918,0.040993,0.011384,2.7958e-09,0.16154,2.877e-26,-1.6405e-12,-4.8454e-12,0,8.3083e-12,7.7647e-12,1.06e-13,1.3851e-10,7.7813e-11,1.7671e-12,0,0,0,1,3,2.7947e-12,14.251,20.049,1.2269e-18,3.2346e-17,0,1.8731e-12,1,0.000591,0.0015,0.000591,5e-06
1.4508e-08,2.5e-16,10.834,0.65995,0,0.20314,0.0061841,0.041005,0.011389,2.7974e-09,0.16159,2.6762e-26,-1.5534e-12,-4.8095e-12,0,8.3083e-12,7.7647e-12,1.06e-13,1.3859e-10,7.786e-11,1.7682e-12,0,0,0,1,3,2.7981e-12,14.222,20.049,1.2269e-18,3.2385e-17,0,1.8742e-12,1,0.000594,0.0015,0.000594,5e-06
1.4516e-08,2.5e-16,10.858,0.66013,0,0.20314,0.0061764,0.041016,0.011394,2.7989e-09,0.16164,3.0092e-26,-1.4704e-12,-4.7719e-12,0,8.3083e-12,7.7647e-12,1.06e-13,1.3867e-10,7.7906e-11,1.7692e-12,0,0,0,1,3,2.8014e-12,14.193,20.049,1.2269e-18,3.2423e-17,0,1.8752e-12,1,0.000597,0.0015,0.000597,5e-06
1.4525e-08,2.5e-16,10.883,0.66031,0,0.20313,0.0061688,0.041028,0.011398,2.8003e-09,0.16168,3.3423e-26,-1.3875e-12,-4.7342e-12,0,8.3083e-12,7.7647e-12,1.06e-13,1.3875e-10,7.7951e-11,1.7702e-12,0,0,0,1,3,2.8047e-12,14.163,20.049,1.2269e-18,3.2462e-17,0,1.8762e-12,1,0.0006,0.0015,0.0006,5e-06
1.4532e-08,2.5e-16,10.905,0.66049,0,0.20313,0.0061611,0.041039,0.011403,2.8017e-09,0.16173,3.6783e-26,-1.3103e-12,-4.6969e-12,0,8.3083e-12,7.7647e-12,1.06e-13,1.3883e-10,7.7992e-11,1.7712e-12,0,0,0,1,3,2.8076e-12,14.134,20.049,1.2269e-18,3.2495e-17,0,1.8771e-12,1,0.000603,0.0015,0.000603,5e-06
1.454e-08,2.5e-16,10.927,0.66067,0,0.20313,0.0061535,0.041051,0.011407,2.803e-09,0.16178,4.0144e-26,-1.2331e-12,-4.6595e-12,0,8.3083e-12,7.7647e-12,1.06e-13,1.389e-10,7.8032e-11,1.7721e-12,0,0,0,1,3,2.8105e-12,14.104,20.049,1.2269e-18,3.2529e-17,0,1.8781e-12,1,0.000606,0.0015,0.000606,5e-06
1.4547e-08,2.5e-16,10.947,0.66085,0,0.20312,0.0061458,0.041062,0.011412,2.8042e-09,0.16183,3.8849e-26,-1.1585e-12,-4.624e-12,0,8.3083e-12,7.7647e-12,1.06e-13,1.3896e-10,7.807e-11,1.7729e-12,0,0,0,1,3,2.8132e-12,14.075,20.049,1.2269e-18,3.2561e-17,0,1.8789e-12,1,0.000609,0.0015,0.000609,5e-06
1.4553e-08,2.5e-16,10.966,0.66103,0,0.20312,0.0061381,0.041074,0.011417,2.8054e-09,0.16188,3.2897e-26,-1.0864e-12,-4.5902e-12,0,8.3083e-12,7.7647e-12,1.06e-13,1.3903e-10,7.8105e-11,1.7737e-12,0,0,0,1,3,2.8157e-12,14.045,20.049,1.2269e-18,3.259e-17,0,1.8797e-12,1,0.000612,0.0015,0.000612,5e-06
1.456e-08,2.5e-16,10.984,0.66121,0,0.20311,0.0061305,0.041085,0.011421,2.8065e-09,0.16193,2.6944e-26,-1.0144e-12,-4.5564e-12,0,8.3083e-12,7.7647e-12,1.06e-13,1.3909e-10,7.8139e-11,1.7745e-12,0,0,0,1,3,2.8183e-12,14.016,20.049,1.2269e-18,3.2619e-17,0,1.8805e-12,1,0.000615,0.0015,0.000615,5e-06
1.4565e-08,2.5e-16,11,0.66139,0,0.20311,0.0061228,0.041097,0.011426,2.8074e-09,0.16198,3.0017e-26,-9.4597e-13,-4.5252e-12,0,8.3083e-12,7.7647e-12,1.06e-13,1.3914e-10,7.8168e-11,1.7752e-12,0,0,0,1,3,2.8203e-12,13.987,20.049,1.2269e-18,3.2642e-17,0,1.8811e-12,1,0.000618,0.0015,0.000618,5e-06
1.457e-08,2.5e-16,11.015,0.66157,0,0.20311,0.0061151,0.041108,0.011431,2.8084e-09,0.16203,3.3089e-26,-8.7756e-13,-4.494e-12,0,8.3083e-12,7.7647e-12,1.06e-13,1.3919e-10,7.8196e-11,1.7758e-12,0,0,0,1,3,2.8224e-12,13.957,20.049,1.2269e-18,3.2666e-17,0,1.8818e-12,1,0.000621,0.0015,0.000621,5e-06
1.4575e-08,2.5e-16,11.029,0.66174,0,0.2031,0.0061075,0.04112,0.011435,2.8092e-09,0.16208,3.6455e-26,-8.1091e-13,-4.4624e-12,0,8.3083e-12,7.7647e-12,1.06e-13,1.3924e-10,7.8222e-11,1.7764e-12,0,0,0,1,3,2.8242e-12,13.928,20.049,1.2269e-18,3.2687e-17,0,1.8824e-12,1,0.000624,0.0015,0.000624,5e-06
1.4579e-08,2.5e-16,11.041,0.66192,0,0.2031,0.0060998,0.041131,0.01144,2.8099e-09,0.16212,4.0116e-26,-7.4601e-13,-4.4302e-12,0,8.3083e-12,7.7647e-12,1.06e-13,1.3927e-10,7.8244e-11,1.7769e-12,0,0,0,1,3,2.8258e-12,13.898,20.049,1.2269e-18,3.2706e-17,0,1.8829e-12,1,0.000627,0.0015,0.000627,5e-06
1.4583e-08,2.5e-16,11.053,0.6621,0,0.20309,0.0060921,0.041143,0.011444,2.8106e-09,0.16217,4.3777e-26,-6.8111e-13,-4.398e-12,0,8.3083e-12,7.7647e-12,1.06e-13,1.3931e-10,7.8266e-11,1.7774e-12,0,0,0,1,3,2.8274e-12,13.869,20.049,1.2269e-18,3.2724e-17,0,1.8834e-12,1,0.00063,0.0015,0.00063,5e-06
1.4586e-08,2.5e-16,11.061,0.66228,0,0.20309,0.0060845,0.041154,0.011449,2.8112e-09,0.16222,4.0491e-26,-6.2099e-13,-4.3627e-12,0,8.3083e-12,7.7647e-12,1.06e-13,1.3934e-10,7.8282e-11,1.7777e-12,0,0,0,1,3,2.8285e-12,13.839,20.049,1.2269e-18,3.2738e-17,0,1.8837e-12,1,0.000633,0.0015,0.000633,5e-06
1.4589e-08,2.5e-16,11.069,0.66246,0,0.20308,0.0060768,0.041166,0.011454,2.8117e-09,0.16227,3.7206e-26,-5.6086e-13,-4.3274e-12,0,8.3083e-12,7.7647e-12,1.06e-13,1.3937e-10,7.8298e-11,1.7781e-12,0,0,0,1,3,2.8297e-12,13.81,20.049,1.2269e-18,3.2751e-17,0,1.8841e-12,1,0.000636,0.0015,0.000636,5e-06
1.4592e-08,2.5e-16,11.076,0.66264,0,0.20308,0.0060691,0.041177,0.011458,2.8121e-09,0.16232,3.559e-26,-5.0249e-13,-4.2916e-12,0,8.3083e-12,7.7647e-12,1.06e-13,1.3939e-10,7.8311e-11,1.7784e-12,0,0,0,1,3,2.8306e-12,13.781,20.049,1.2269e-18,3.2761e-17,0,1.8844e-12,1,0.000639,0.0015,0.000639,5e-06
1.4594e-08,2.5e-16,11.081,0.66282,0,0.20308,0.0060615,0.041189,0.011463,2.8124e-09,0.16237,3.5644e-26,-4.4587e-13,-4.2552e-12,0,8.3083e-12,7.7647e-12,1.06e-13,1.3941e-10,7.8321e-11,1.7786e-12,0,0,0,1,3,2.8313e-12,13.751,20.049,1.2269e-18,3.277e-17,0,1.8846e-12,1,0.000642,0.0015,0.000642,5e-06
1.4595e-08,2.5e-16,11.087,0.663,0,0.20307,0.0060538,0.0412,0.011468,2.8127e-09,0.16242,3.5698e-26,-3.8926e-13,-4.2188e-12,0,8.3083e-12,7.7647e-12,1.06e-13,1.3943e-10,7.8331e-11,1.7789e-12,0,0,0,1,3,2.832e-12,13.722,20.049,1.2269e-18,3.2778e-17,0,1.8848e-12,1,0.000645,0.0015,0.000645,5e-06
1.4596e-08,2.5e-16,11.089,0.66318,0,0.20307,0.0060461,0.041212,0.011472,2.8129e-09,0.16247,3.1295e-26,-3.3558e-13,-4.1849e-12,0,8.3083e-12,7.7647e-12,1.06e-13,1.3944e-10,7.8335e-11,1.779e-12,0,0,0,1,3,2.8323e-12,13.692,20.049,1.2269e-18,3.2781e-17,0,1.885e-12,1,0.000648,0.0015,0.000648,5e-06
1.4597e-08,2.5e-16,11.091,0.66335,0,0.20306,0.0060384,0.041223,0.011477,2.813e-09,0.16251,2.6893e-26,-2.819e-13,-4.151e-12,0,8.3083e-12,7.7647e-12,1.06e-13,1.3944e-10,7.834e-11,1.7791e-12,0,0,0,1,3,2.8326e-12,13.663,20.049,1.2269e-18,3.2785e-17,0,1.8851e-12,1,0.000651,0.0015,0.000651,5e-06
1.4597e-08,2.5e-16,11.091,0.66353,0,0.20306,0.0060308,0.041235,0.011481,2.8131e-09,0.16256,2.3643e-26,-2.3048e-13,-4.1185e-12,0,8.3083e-12,7.7647e-12,1.06e-13,1.3945e-10,7.8342e-11,1.7791e-12,0,0,0,1,3,2.8327e-12,13.633,20.049,1.2269e-18,3.2786e-17,0,1.8851e-12,1,0.000654,0.0015,0.000654,5e-06
1.4597e-08,2.5e-16,11.091,0.66371,0,0.20306,0.0060231,0.041246,0.011486,2.8131e-09,0.16261,2.1545e-26,-1.8134e-13,-4.0872e-12,0,8.3083e-12,7.7647e-12,1.06e-13,1.3945e-10,7.8341e-11,1.7791e-12,0,0,0,1,3,2.8327e-12,13.604,20.049,1.2269e-18,3.2786e-17,0,1.8851e-12,1,0.000657,0.0015,0.000657,5e-06
1.4597e-08,2.5e-16,11.09,0.66389,0,0.20305,0.0060154,0.041258,0.011491,2.8131e-09,0.16266,1.9448e-26,-1.322e-13,-4.056e-12,0,8.3083e-12,7.7647e-12,1.06e-13,1.3945e-10,7.8341e-11,1.7791e-12,0,0,0,1,3,2.8326e-12,13.575,20.049,1.2269e-18,3.2785e-17,0,1.8851e-12,1,0.00066,0.0015,0.00066,5e-06
1.4596e-08,2.5e-16,11.087,0.66407,0,0.20305,0.0060077,0.041269,0.011495,2.8129e-09,0.16271,2.4001e-26,-8.6633e-14,-4.0251e-12,0,8.3083e-12,7.7647e-12,1.06e-13,1.3944e-10,7.8336e-11,1.779e-12,0,0,0,1,3,2.8323e-12,13.545,20.049,1.2269e-18,3.2781e-17,0,1.885e-12,1,0.000663,0.0015,0.000663,5e-06
1.4595e-08,2.5e-16,11.084,0.66425,0,0.20304,0.006,0.04128,0.0115,2.8128e-09,0.16276,2.8554e-26,-4.1065e-14,-3.9941e-12,0,8.3083e-12,7.7647e-12,1.06e-13,1.3943e-10,7.8331e-11,1.7789e-12,0,0,0,1,3,2.8319e-12,13.516,20.049,1.2269e-18,3.2777e-17,0,1.8849e-12,1,0.000666,0.0015,0.000666,5e-06
1.4594e-08,2.5e-16,11.081,0.66443,0,0.20304,0.0059924,0.041292,0.011504,2.8126e-09,0.16281,3.0485e-26,3.2458e-15,-3.9624e-12,0,8.3083e-12,7.7647e-12,1.06e-13,1.3942e-10,7.8325e-11,1.7787e-12,0,0,0,1,3,2.8315e-12,13.486,20.049,1.2269e-18,3.2772e-17,0,1.8847e-12,1,0.000669,0.0015,0.000669,5e-06
1.4593e-08,2.5e-16,11.076,0.6646,0,0.20304,0.0059847,0.041303,0.011509,2.8123e-09,0.16286,2.9795e-26,4.6298e-14,-3.9298e-12,0,8.3083e-12,7.7647e-12,1.06e-13,1.3941e-10,7.8317e-11,1.7785e-12,0,0,0,1,3,2.8309e-12,13.457,20.049,1.2269e-18,3.2765e-17,0,1.8845e-12,1,0.000672,0.0015,0.000672,5e-06
1.4591e-08,2.5e-16,11.072,0.66478,0,0.20303,0.005977,0.041315,0.011514,2.8121e-09,0.1629,2.9104e-26,8.9351e-14,-3.8972e-12,0,8.3083e-12,7.7647e-12,1.06e-13,1.3939e-10,7.831e-11,1.7784e-12,0,0,0,1,3,2.8303e-12,13.427,20.049,1.2269e-18,3.2758e-17,0,1.8844e-12,1,0.000675,0.0015,0.000675,5e-06
1.459e-08,2.5e-16,11.066,0.66496,0,0.20303,0.0059693,0.041326,0.011518,2.8117e-09,0.16295,2.5724e-26,1.2876e-13,-3.8634e-12,0,8.3083e-12,7.7647e-12,1.06e-13,1.3937e-10,7.83e-11,1.7781e-12,0,0,0,1,3,2.8296e-12,13.398,20.049,1.2269e-18,3.275e-17,0,1.8841e-12,1,0.000678,0.0015,0.000678,5e-06
1.4588e-08,2.5e-16,11.06,0.66514,0,0.20302,0.0059616,0.041338,0.011523,2.8114e-09,0.163,2.2344e-26,1.6818e-13,-3.8297e-12,0,8.3083e-12,7.7647e-12,1.06e-13,1.3936e-10,7.829e-11,1.7779e-12,0,0,0,1,3,2.8288e-12,13.369,20.049,1.2269e-18,3.2741e-17,0,1.8839e-12,1,0.000681,0.0015,0.000681,5e-06
1.4586e-08,2.5e-16,11.054,0.66532,0,0.20302,0.0059539,0.041349,0.011527,2.811e-09,0.16305,2.0981e-26,2.0623e-13,-3.7968e-12,0,8.3083e-12,7.7647e-12,1.06e-13,1.3934e-10,7.8279e-11,1.7777e-12,0,0,0,1,3,2.8281e-12,13.339,20.049,1.2269e-18,3.2732e-17,0,1.8837e-12,1,0.000684,0.0015,0.000684,5e-06
1.4584e-08,2.5e-16,11.047,0.6655,0,0.20302,0.0059463,0.041361,0.011532,2.8107e-09,0.1631,2.1636e-26,2.429e-13,-3.7647e-12,0,8.3083e-12,7.7647e-12,1.06e-13,1.3932e-10,7.8268e-11,1.7774e-12,0,0,0,1,3,2.8272e-12,13.31,20.049,1.2269e-18,3.2722e-17,0,1.8834e-12,1,0.000687,0.0015,0.000687,5e-06
1.4581e-08,2.5e-16,11.041,0.66568,0,0.20301,0.0059386,0.041372,0.011537,2.8103e-09,0.16315,2.2291e-26,2.7959e-13,-3.7325e-12,0,8.3083e-12,7.7647e-12,1.06e-13,1.393e-10,7.8256e-11,1.7772e-12,0,0,0,1,3,2.8264e-12,13.28,20.049,1.2269e-18,3.2713e-17,0,1.8832e-12,1,0.00069,0.0015,0.00069,5e-06
1.4579e-08,2.5e-16,11.034,0.66585,0,0.20301,0.0059309,0.041384,0.011541,2.8099e-09,0.1632,2.2526e-26,3.1412e-13,-3.7032e-12,0,8.3083e-12,7.7647e-12,1.06e-13,1.3928e-10,7.8244e-11,1.7769e-12,0,0,0,1,3,2.8255e-12,13.251,20.049,1.2269e-18,3.2703e-17,0,1.8829e-12,1,0.000693,0.0015,0.000693,5e-06
1.4577e-08,2.5e-16,11.027,0.66603,0,0.203,0.0059232,0.041395,0.011546,2.8095e-09,0.16325,2.2762e-26,3.4866e-13,-3.6739e-12,0,8.3083e-12,7.7647e-12,1.06e-13,1.3925e-10,7.8233e-11,1.7766e-12,0,0,0,1,3,2.8247e-12,13.221,20.049,1.2269e-18,3.2693e-17,0,1.8826e-12,1,0.000696,0.0015,0.000696,5e-06
1.4575e-08,2.5e-16,11.02,0.66621,0,0.203,0.0059155,0.041406,0.01155,2.8092e-09,0.16329,2.241e-26,3.8191e-13,-3.6452e-12,0,8.3083e-12,7.7647e-12,1.06e-13,1.3923e-10,7.8221e-11,1.7764e-12,0,0,0,1,3,2.8238e-12,13.192,20.049,1.2269e-18,3.2683e-17,0,1.8824e-12,1,0.000699,0.0015,0.000699,5e-06
1.4573e-08,2.5e-16,11.014,0.66639,0,0.203,0.0059078,0.041418,0.011555,2.8088e-09,0.16334,2.147e-26,4.1389e-13,-3.6172e-12,0,8.3083e-12,7.7647e-12,1.06e-13,1.3921e-10,7.821e-11,1.7761e-12,0,0,0,1,3,2.823e-12,13.163,20.049,1.2269e-18,3.2674e-17,0,1.8821e-12,1,0.000702,0.0015,0.000702,5e-06
1.4571e-08,2.5e-16,11.008,0.66657,0,0.20299,0.0059001,0.041429,0.01156,2.8084e-09,0.16339,2.053e-26,4.4588e-13,-3.5892e-12,0,8.3083e-12,7.7647e-12,1.06e-13,1.3919e-10,7.8199e-11,1.7759e-12,0,0,0,1,3,2.8222e-12,13.133,20.049,1.2269e-18,3.2664e-17,0,1.8819e-12,1,0.000705,0.0015,0.000705,5e-06
1.4569e-08,2.5e-16,11.002,0.66674,0,0.20299,0.0058924,0.041441,0.011564,2.8081e-09,0.16344,1.9686e-26,4.757e-13,-3.5609e-12,0,8.3083e-12,7.7647e-12,1.06e-13,1.3918e-10,7.8189e-11,1.7756e-12,0,0,0,1,3,2.8215e-12,13.104,20.049,1.2269e-18,3.2656e-17,0,1.8816e-12,1,0.000708,0.0015,0.000708,5e-06
1.4567e-08,2.5e-16,10.996,0.66692,0,0.20298,0.0058848,0.041452,0.011569,2.8078e-09,0.16349,1.8842e-26,5.0552e-13,-3.5326e-12,0,8.3083e-12,7.7647e-12,1.06e-13,1.3916e-10,7.8179e-11,1.7754e-12,0,0,0,1,3,2.8207e-12,13.074,20.049,1.2269e-18,3.2647e-17,0,1.8814e-12,1,0.000711,0.0015,0.000711,5e-06
1.4565e-08,2.5e-16,10.991,0.6671,0,0.20298,0.0058771,0.041464,0.011573,2.8075e-09,0.16354,1.7861e-26,5.3438e-13,-3.5039e-12,0,8.3083e-12,7.7647e-12,1.06e-13,1.3914e-10,7.817e-11,1.7752e-12,0,0,0,1,3,2.8201e-12,13.045,20.049,1.2269e-18,3.264e-17,0,1.8812e-12,1,0.000714,0.0015,0.000714,5e-06
1.4564e-08,2.5e-16,10.987,0.66728,0,0.20298,0.0058694,0.041475,0.011578,2.8073e-09,0.16359,1.6744e-26,5.6226e-13,-3.4749e-12,0,8.3083e-12,7.7647e-12,1.06e-13,1.3913e-10,7.8163e-11,1.775e-12,0,0,0,1,3,2.8195e-12,13.015,20.049,1.2269e-18,3.2634e-17,0,1.881e-12,1,0.000717,0.0015,0.000717,5e-06
1.4563e-08,2.5e-16,10.982,0.66746,0,0.20297,0.0058617,0.041487,0.011583,2.807e-09,0.16363,1.5627e-26,5.9014e-13,-3.4459e-12,0,8.3083e-12,7.7647e-12,1.06e-13,1.3912e-10,7.8155e-11,1.7749e-12,0,0,0,1,3,2.819e-12,12.986,20.049,1.2269e-18,3.2627e-17,0,1.8809e-12,1,0.00072,0.0015,0.00072,5e-06
1.4562e-08,2.5e-16,10.98,0.66764,0,0.20297,0.005854,0.041498,0.011587,2.8069e-09,0.16368,1.4191e-26,6.1636e-13,-3.4171e-12,0,8.3083e-12,7.7647e-12,1.06e-13,1.3911e-10,7.815e-11,1.7748e-12,0,0,0,1,3,2.8186e-12,12.957,20.049,1.2269e-18,3.2623e-17,0,1.8808e-12,1,0.000723,0.0015,0.000723,5e-06
1.4561e-08,2.5e-16,10.977,0.66781,0,0.20296,0.0058463,0.041509,0.011592,2.8067e-09,0.16373,1.2756e-26,6.4257e-13,-3.3883e-12,0,8.3083e-12,7.7647e-12,1.06e-13,1.391e-10,7.8146e-11,1.7747e-12,0,0,0,1,3,2.8183e-12,12.927,20.049,1.2269e-18,3.2619e-17,0,1.8807e-12,1,0.000726,0.0015,0.000726,5e-06
1.456e-08,2.5e-16,10.975,0.66799,0,0.20296,0.0058386,0.041521,0.011596,2.8066e-09,0.16378,1.2633e-26,6.6789e-13,-3.3603e-12,0,8.3083e-12,7.7647e-12,1.06e-13,1.3909e-10,7.8143e-11,1.7746e-12,0,0,0,1,3,2.8181e-12,12.898,20.049,1.2269e-18,3.2617e-17,0,1.8806e-12,1,0.000729,0.0015,0.000729,5e-06
1.456e-08,2.5e-16,10.974,0.66817,0,0.20295,0.0058309,0.041532,0.011601,2.8066e-09,0.16383,1.3821e-26,6.9231e-13,-3.3332e-12,0,8.3083e-12,7.7647e-12,1.06e-13,1.3909e-10,7.8142e-11,1.7746e-12,0,0,0,1,3,2.818e-12,12.868,20.049,1.2269e-18,3.2616e-17,0,1.8806e-12,1,0.000732,0.0015,0.000732,5e-06
1.456e-08,2.5e-16,10.973,0.66835,0,0.20295,0.0058232,0.041544,0.011606,2.8066e-09,0.16388,1.5008e-26,7.1674e-13,-3.3061e-12,0,8.3083e-12,7.7647e-12,1.06e-13,1.3909e-10,7.8141e-11,1.7746e-12,0,0,0,1,3,2.8179e-12,12.839,20.049,1.2269e-18,3.2615e-17,0,1.8805e-12,1,0.000735,0.0015,0.000735,5e-06
1.4561e-08,2.5e-16,10.975,0.66853,0,0.20295,0.0058155,0.041555,0.01161,2.8067e-09,0.16393,1.6103e-26,7.3911e-13,-3.2811e-12,0,8.3083e-12,7.7647e-12,1.06e-13,1.391e-10,7.8145e-11,1.7746e-12,0,0,0,1,3,2.8182e-12,12.809,20.049,1.2269e-18,3.2618e-17,0,1.8806e-12,1,0.000738,0.0015,0.000738,5e-06
1.4561e-08,2.5e-16,10.977,0.6687,0,0.20294,0.0058078,0.041567,0.011615,2.8068e-09,0.16397,1.7197e-26,7.6149e-13,-3.256e-12,0,8.3083e-12,7.7647e-12,1.06e-13,1.391e-10,7.8148e-11,1.7747e-12,0,0,0,1,3,2.8184e-12,12.78,20.049,1.2269e-18,3.262e-17,0,1.8807e-12,1,0.000741,0.0015,0.000741,5e-06
1.4563e-08,2.5e-16,10.98,0.66888,0,0.20294,0.0058001,0.041578,0.011619,2.807e-09,0.16402,1.7043e-26,7.8301e-13,-3.2313e-12,0,8.3083e-12,7.7647e-12,1.06e-13,1.3911e-10,7.8154e-11,1.7748e-12,0,0,0,1,3,2.8188e-12,12.751,20.049,1.2269e-18,3.2625e-17,0,1.8808e-12,1,0.000744,0.0015,0.000744,5e-06
1.4564e-08,2.5e-16,10.984,0.66906,0,0.20293,0.0057924,0.041589,0.011624,2.8073e-09,0.16407,1.564e-26,8.0368e-13,-3.207e-12,0,8.3083e-12,7.7647e-12,1.06e-13,1.3913e-10,7.8163e-11,1.775e-12,0,0,0,1,3,2.8194e-12,12.721,20.049,1.2269e-18,3.2632e-17,0,1.881e-12,1,0.000747,0.0015,0.000747,5e-06
1.4566e-08,2.5e-16,10.988,0.66924,0,0.20293,0.0057847,0.041601,0.011629,2.8075e-09,0.16412,1.4238e-26,8.2436e-13,-3.1827e-12,0,8.3083e-12,7.7647e-12,1.06e-13,1.3915e-10,7.8172e-11,1.7752e-12,0,0,0,1,3,2.82e-12,12.692,20.049,1.2269e-18,3.2639e-17,0,1.8812e-12,1,0.00075,0.0015,0.00075,5e-06
1.4568e-08,2.5e-16,10.996,0.66941,0,0.20293,0.005777,0.041612,0.011633,2.808e-09,0.16417,1.3245e-26,8.4322e-13,-3.1583e-12,0,8.3083e-12,7.7647e-12,1.06e-13,1.3917e-10,7.8186e-11,1.7756e-12,0,0,0,1,3,2.8211e-12,12.662,20.049,1.2269e-18,3.2651e-17,0,1.8816e-12,1,0.000753,0.0015,0.000753,5e-06
1.4571e-08,2.5e-16,11.003,0.66959,0,0.20292,0.0057693,0.041624,0.011638,2.8085e-09,0.16422,1.2252e-26,8.6209e-13,-3.1338e-12,0,8.3083e-12,7.7647e-12,1.06e-13,1.392e-10,7.82e-11,1.7759e-12,0,0,0,1,3,2.8221e-12,12.633,20.049,1.2269e-18,3.2663e-17,0,1.8819e-12,1,0.000756,0.0015,0.000756,5e-06
1.4574e-08,2.5e-16,11.012,0.66977,0,0.20292,0.0057616,0.041635,0.011642,2.809e-09,0.16427,1.2235e-26,8.8014e-13,-3.1092e-12,0,8.3083e-12,7.7647e-12,1.06e-13,1.3923e-10,7.8217e-11,1.7763e-12,0,0,0,1,3,2.8233e-12,12.603,20.049,1.2269e-18,3.2677e-17,0,1.8823e-12,1,0.000759,0.0015,0.000759,5e-06
1.4578e-08,2.5e-16,11.023,0.66995,0,0.20291,0.0057539,0.041646,0.011647,2.8097e-09,0.16431,1.3193e-26,8.9738e-13,-3.0846e-12,0,8.3083e-12,7.7647e-12,1.06e-13,1.3926e-10,7.8237e-11,1.7767e-12,0,0,0,1,3,2.8247e-12,12.574,20.049,1.2269e-18,3.2694e-17,0,1.8827e-12,1,0.000762,0.0015,0.000762,5e-06
1.4582e-08,2.5e-16,11.034,0.67013,0,0.20291,0.0057462,0.041658,0.011651,2.8103e-09,0.16436,1.4151e-26,9.1462e-13,-3.06e-12,0,8.3083e-12,7.7647e-12,1.06e-13,1.393e-10,7.8257e-11,1.7772e-12,0,0,0,1,3,2.8262e-12,12.545,20.049,1.2269e-18,3.271e-17,0,1.8832e-12,1,0.000765,0.0015,0.000765,5e-06
1.4587e-08,2.5e-16,11.048,0.6703,0,0.20291,0.0057385,0.041669,0.011656,2.8112e-09,0.16441,1.6889e-26,9.3021e-13,-3.0364e-12,0,8.3083e-12,7.7647e-12,1.06e-13,1.3934e-10,7.8283e-11,1.7778e-12,0,0,0,1,3,2.8281e-12,12.515,20.049,1.2269e-18,3.2732e-17,0,1.8838e-12,1,0.000768,0.0015,0.000768,5e-06
1.4591e-08,2.5e-16,11.062,0.67048,0,0.2029,0.0057308,0.041681,0.011661,2.812e-09,0.16446,1.9626e-26,9.4579e-13,-3.0127e-12,0,8.3083e-12,7.7647e-12,1.06e-13,1.3939e-10,7.831e-11,1.7784e-12,0,0,0,1,3,2.8299e-12,12.486,20.049,1.2269e-18,3.2754e-17,0,1.8844e-12,1,0.000771,0.0015,0.000771,5e-06
1.4597e-08,2.5e-16,11.078,0.67066,0,0.2029,0.0057231,0.041692,0.011665,2.813e-09,0.16451,2.2145e-26,9.6071e-13,-2.9897e-12,0,8.3083e-12,7.7647e-12,1.06e-13,1.3944e-10,7.8339e-11,1.779e-12,0,0,0,1,3,2.8321e-12,12.456,20.049,1.2269e-18,3.2779e-17,0,1.885e-12,1,0.000774,0.0015,0.000774,5e-06
1.4603e-08,2.5e-16,11.095,0.67084,0,0.20289,0.0057154,0.041703,0.01167,2.8141e-09,0.16456,2.4445e-26,9.7498e-13,-2.9673e-12,0,8.3083e-12,7.7647e-12,1.06e-13,1.395e-10,7.8372e-11,1.7798e-12,0,0,0,1,3,2.8344e-12,12.427,20.049,1.2269e-18,3.2806e-17,0,1.8858e-12,1,0.000777,0.0015,0.000777,5e-06
1.4609e-08,2.5e-16,11.113,0.67101,0,0.20289,0.0057077,0.041715,0.011674,2.8151e-09,0.16461,2.6745e-26,9.8924e-13,-2.945e-12,0,8.3083e-12,7.7647e-12,1.06e-13,1.3956e-10,7.8404e-11,1.7805e-12,0,0,0,1,3,2.8368e-12,12.397,20.049,1.2269e-18,3.2833e-17,0,1.8865e-12,1,0.00078,0.0015,0.00078,5e-06
1.4616e-08,2.5e-16,11.134,0.67119,0,0.20289,0.0057,0.041726,0.011679,2.8164e-09,0.16465,2.9238e-26,1.0026e-12,-2.9232e-12,0,8.3083e-12,7.7647e-12,1.06e-13,1.3963e-10,7.8443e-11,1.7814e-12,0,0,0,1,3,2.8396e-12,12.368,20.049,1.2269e-18,3.2865e-17,0,1.8874e-12,1,0.000783,0.0015,0.000783,5e-06
1.4624e-08,2.5e-16,11.155,0.67137,0,0.20288,0.0056923,0.041738,0.011684,2.8177e-09,0.1647,3.1732e-26,1.016e-12,-2.9014e-12,0,8.3083e-12,7.7647e-12,1.06e-13,1.397e-10,7.8482e-11,1.7823e-12,0,0,0,1,3,2.8423e-12,12.339,20.049,1.2269e-18,3.2898e-17,0,1.8883e-12,1,0.000786,0.0015,0.000786,5e-06
1.4631e-08,2.5e-16,11.178,0.67155,0,0.20288,0.0056846,0.041749,0.011688,2.819e-09,0.16475,3.2483e-26,1.029e-12,-2.8794e-12,0,8.3083e-12,7.7647e-12,1.06e-13,1.3977e-10,7.8524e-11,1.7832e-12,0,0,0,1,3,2.8454e-12,12.309,20.049,1.2269e-18,3.2932e-17,0,1.8892e-12,1,0.000789,0.0015,0.000789,5e-06
1.464e-08,2.5e-16,11.202,0.67172,0,0.20287,0.0056769,0.04176,0.011693,2.8205e-09,0.1648,3.1494e-26,1.0414e-12,-2.8573e-12,0,8.3083e-12,7.7647e-12,1.06e-13,1.3985e-10,7.8568e-11,1.7842e-12,0,0,0,1,3,2.8486e-12,12.28,20.049,1.2269e-18,3.297e-17,0,1.8902e-12,1,0.000792,0.0015,0.000792,5e-06
1.4648e-08,2.5e-16,11.227,0.6719,0,0.20287,0.0056692,0.041772,0.011697,2.822e-09,0.16485,3.0504e-26,1.0539e-12,-2.8352e-12,0,8.3083e-12,7.7647e-12,1.06e-13,1.3993e-10,7.8613e-11,1.7853e-12,0,0,0,1,3,2.8518e-12,12.25,20.049,1.2269e-18,3.3007e-17,0,1.8913e-12,1,0.000795,0.0015,0.000795,5e-06
1.4657e-08,2.5e-16,11.254,0.67208,0,0.20287,0.0056615,0.041783,0.011702,2.8236e-09,0.1649,2.6043e-26,1.066e-12,-2.8128e-12,0,8.3083e-12,7.7647e-12,1.06e-13,1.4002e-10,7.8663e-11,1.7864e-12,0,0,0,1,3,2.8554e-12,12.221,20.049,1.2269e-18,3.3048e-17,0,1.8924e-12,1,0.000798,0.0015,0.000798,5e-06
1.4666e-08,2.5e-16,11.281,0.67226,0,0.20286,0.0056538,0.041795,0.011706,2.8252e-09,0.16495,2.1582e-26,1.078e-12,-2.7903e-12,0,8.3083e-12,7.7647e-12,1.06e-13,1.4011e-10,7.8712e-11,1.7875e-12,0,0,0,1,3,2.859e-12,12.191,20.049,1.2269e-18,3.309e-17,0,1.8935e-12,1,0.000801,0.0015,0.000801,5e-06
1.4676e-08,2.5e-16,11.31,0.67243,0,0.20286,0.0056461,0.041806,0.011711,2.8269e-09,0.16499,2.1964e-26,1.0899e-12,-2.768e-12,0,8.3083e-12,7.7647e-12,1.06e-13,1.402e-10,7.8764e-11,1.7887e-12,0,0,0,1,3,2.8627e-12,12.162,20.049,1.2269e-18,3.3133e-17,0,1.8947e-12,1,0.000804,0.0015,0.000804,5e-06
1.4686e-08,2.5e-16,11.339,0.67261,0,0.20285,0.0056384,0.041817,0.011716,2.8287e-09,0.16504,2.719e-26,1.1014e-12,-2.7459e-12,0,8.3083e-12,7.7647e-12,1.06e-13,1.403e-10,7.8818e-11,1.7899e-12,0,0,0,1,3,2.8666e-12,12.133,20.049,1.2269e-18,3.3178e-17,0,1.8959e-12,1,0.000807,0.0015,0.000807,5e-06
1.4696e-08,2.5e-16,11.369,0.67279,0,0.20285,0.0056307,0.041829,0.01172,2.8304e-09,0.16509,3.2415e-26,1.113e-12,-2.7237e-12,0,8.3083e-12,7.7647e-12,1.06e-13,1.4039e-10,7.8872e-11,1.7911e-12,0,0,0,1,3,2.8705e-12,12.103,20.049,1.2269e-18,3.3223e-17,0,1.8971e-12,1,0.00081,0.0015,0.00081,5e-06
1.4707e-08,2.5e-16,11.401,0.67297,0,0.20284,0.005623,0.04184,0.011725,2.8323e-09,0.16514,3.6377e-26,1.1242e-12,-2.7032e-12,0,8.3083e-12,7.7647e-12,1.06e-13,1.4049e-10,7.8929e-11,1.7924e-12,0,0,0,1,3,2.8746e-12,12.074,20.049,1.2269e-18,3.3271e-17,0,1.8984e-12,1,0.000813,0.0015,0.000813,5e-06
1.4717e-08,2.5e-16,11.432,0.67314,0,0.20284,0.0056153,0.041851,0.011729,2.8341e-09,0.16519,4.0338e-26,1.1354e-12,-2.6826e-12,0,8.3083e-12,7.7647e-12,1.06e-13,1.4059e-10,7.8986e-11,1.7937e-12,0,0,0,1,3,2.8787e-12,12.044,20.049,1.2269e-18,3.3318e-17,0,1.8997e-12,1,0.000816,0.0015,0.000816,5e-06
1.4728e-08,2.5e-16,11.465,0.67332,0,0.20284,0.0056076,0.041863,0.011734,2.836e-09,0.16524,4.1919e-26,1.1457e-12,-2.6633e-12,0,8.3083e-12,7.7647e-12,1.06e-13,1.407e-10,7.9043e-11,1.795e-12,0,0,0,1,3,2.8829e-12,12.015,20.049,1.2269e-18,3.3367e-17,0,1.901e-12,1,0.000819,0.0015,0.000819,5e-06
1.4739e-08,2.5e-16,11.497,0.6735,0,0.20283,0.0055999,0.041874,0.011738,2.8379e-09,0.16528,4.1119e-26,1.1552e-12,-2.6453e-12,0,8.3083e-12,7.7647e-12,1.06e-13,1.408e-10,7.9102e-11,1.7964e-12,0,0,0,1,3,2.8871e-12,11.985,20.049,1.2269e-18,3.3416e-17,0,1.9024e-12,1,0.000822,0.0015,0.000822,5e-06
1.475e-08,2.5e-16,11.53,0.67367,0,0.20283,0.0055921,0.041886,0.011743,2.8399e-09,0.16533,4.0319e-26,1.1647e-12,-2.6273e-12,0,8.3083e-12,7.7647e-12,1.06e-13,1.4091e-10,7.916e-11,1.7977e-12,0,0,0,1,3,2.8913e-12,11.956,20.049,1.2269e-18,3.3465e-17,0,1.9037e-12,1,0.000825,0.0015,0.000825,5e-06
1.4761e-08,2.5e-16,11.563,0.67385,0,0.20282,0.0055844,0.041897,0.011748,2.8418e-09,0.16538,5.0443e-26,1.1728e-12,-2.6122e-12,0,8.3083e-12,7.7647e-12,1.06e-13,1.4101e-10,7.9219e-11,1.799e-12,0,0,0,1,3,2.8956e-12,11.926,20.049,1.2269e-18,3.3514e-17,0,1.905e-12,1,0.000828,0.0015,0.000828,5e-06
1.4772e-08,2.5e-16,11.596,0.67403,0,0.20282,0.0055767,0.041908,0.011752,2.8437e-09,0.16543,6.0566e-26,1.1809e-12,-2.597e-12,0,8.3083e-12,7.7647e-12,1.06e-13,1.4111e-10,7.9278e-11,1.8004e-12,0,0,0,1,3,2.8998e-12,11.897,20.049,1.2269e-18,3.3563e-17,0,1.9064e-12,1,0.000831,0.0015,0.000831,5e-06
1.4783e-08,2.5e-16,11.629,0.67421,0,0.20282,0.005569,0.04192,0.011757,2.8456e-09,0.16548,7.1005e-26,1.1886e-12,-2.583e-12,0,8.3083e-12,7.7647e-12,1.06e-13,1.4122e-10,7.9336e-11,1.8017e-12,0,0,0,1,3,2.904e-12,11.868,20.049,1.2269e-18,3.3612e-17,0,1.9077e-12,1,0.000834,0.0015,0.000834,5e-06
1.4793e-08,2.5e-16,11.661,0.67438,0,0.20281,0.0055613,0.041931,0.011761,2.8475e-09,0.16553,8.1762e-26,1.196e-12,-2.5702e-12,0,8.3083e-12,7.7647e-12,1.06e-13,1.4132e-10,7.9393e-11,1.803e-12,0,0,0,1,3,2.9082e-12,11.838,20.049,1.2269e-18,3.366e-17,0,1.909e-12,1,0.000837,0.0015,0.000837,5e-06
1.4804e-08,2.5e-16,11.693,0.67456,0,0.20281,0.0055536,0.041942,0.011766,2.8493e-09,0.16557,9.2518e-26,1.2033e-12,-2.5574e-12,0,8.3083e-12,7.7647e-12,1.06e-13,1.4142e-10,7.9451e-11,1.8043e-12,0,0,0,1,3,2.9123e-12,11.809,20.049,1.2269e-18,3.3708e-17,0,1.9103e-12,1,0.00084,0.0015,0.00084,5e-06
1.4814e-08,2.5e-16,11.724,0.67474,0,0.2028,0.0055459,0.041954,0.01177,2.8511e-09,0.16562,1.0821e-25,1.2082e-12,-2.5447e-12,0,8.3083e-12,7.7647e-12,1.06e-13,1.4152e-10,7.9505e-11,1.8055e-12,0,0,0,1,3,2.9163e-12,11.779,20.049,1.2269e-18,3.3753e-17,0,1.9115e-12,1,0.000843,0.0015,0.000843,5e-06
1.4824e-08,2.5e-16,11.755,0.67491,0,0.2028,0.0055382,0.041965,0.011775,2.8529e-09,0.16567,1.239e-25,1.2132e-12,-2.532e-12,0,8.3083e-12,7.7647e-12,1.06e-13,1.4162e-10,7.956e-11,1.8068e-12,0,0,0,1,3,2.9202e-12,11.75,20.049,1.2269e-18,3.3799e-17,0,1.9128e-12,1,0.000846,0.0015,0.000846,5e-06
1.4834e-08,2.5e-16,11.785,0.67509,0,0.2028,0.0055305,0.041977,0.01178,2.8546e-09,0.16572,1.3814e-25,1.2169e-12,-2.5179e-12,0,8.3083e-12,7.7647e-12,1.06e-13,1.4171e-10,7.9612e-11,1.808e-12,0,0,0,1,3,2.924e-12,11.72,20.049,1.2269e-18,3.3843e-17,0,1.914e-12,1,0.000849,0.0015,0.000849,5e-06
1.4844e-08,2.5e-16,11.813,0.67527,0,0.20279,0.0055228,0.041988,0.011784,2.8563e-09,0.16577,1.5094e-25,1.2196e-12,-2.5024e-12,0,8.3083e-12,7.7647e-12,1.06e-13,1.418e-10,7.9663e-11,1.8091e-12,0,0,0,1,3,2.9277e-12,11.691,20.049,1.2269e-18,3.3885e-17,0,1.9151e-12,1,0.000852,0.0015,0.000852,5e-06
1.4853e-08,2.5e-16,11.842,0.67545,0,0.20279,0.0055151,0.041999,0.011789,2.8579e-09,0.16582,1.6374e-25,1.2223e-12,-2.4869e-12,0,8.3083e-12,7.7647e-12,1.06e-13,1.4189e-10,7.9713e-11,1.8102e-12,0,0,0,1,3,2.9313e-12,11.662,20.049,1.2269e-18,3.3927e-17,0,1.9162e-12,1,0.000855,0.0015,0.000855,5e-06
1.4861e-08,2.5e-16,11.867,0.67562,0,0.20279,0.0055073,0.042011,0.011793,2.8594e-09,0.16587,1.4596e-25,1.2253e-12,-2.4682e-12,0,8.3083e-12,7.7647e-12,1.06e-13,1.4197e-10,7.9758e-11,1.8113e-12,0,0,0,1,3,2.9345e-12,11.632,20.049,1.2269e-18,3.3965e-17,0,1.9173e-12,1,0.000858,0.0015,0.000858,5e-06
1.487e-08,2.5e-16,11.893,0.6758,0,0.20278,0.0054996,0.042022,0.011798,2.8608e-09,0.16591,1.2818e-25,1.2282e-12,-2.4494e-12,0,8.3083e-12,7.7647e-12,1.06e-13,1.4205e-10,7.9803e-11,1.8123e-12,0,0,0,1,3,2.9378e-12,11.603,20.049,1.2269e-18,3.4002e-17,0,1.9183e-12,1,0.000861,0.0015,0.000861,5e-06
1.4877e-08,2.5e-16,11.917,0.67598,0,0.20278,0.0054919,0.042033,0.011802,2.8622e-09,0.16596,1.1672e-25,1.2315e-12,-2.4299e-12,0,8.3083e-12,7.7647e-12,1.06e-13,1.4212e-10,7.9844e-11,1.8132e-12,0,0,0,1,3,2.9408e-12,11.573,20.049,1.2269e-18,3.4037e-17,0,1.9192e-12,1,0.000864,0.0015,0.000864,5e-06
1.4885e-08,2.5e-16,11.939,0.67615,0,0.20277,0.0054842,0.042045,0.011807,2.8634e-09,0.16601,1.1157e-25,1.2353e-12,-2.4097e-12,0,8.3083e-12,7.7647e-12,1.06e-13,1.4219e-10,7.9883e-11,1.8141e-12,0,0,0,1,3,2.9436e-12,11.544,20.049,1.2269e-18,3.4069e-17,0,1.9201e-12,1,0.000867,0.0015,0.000867,5e-06
1.4892e-08,2.5e-16,11.96,0.67633,0,0.20277,0.0054765,0.042056,0.011812,2.8647e-09,0.16606,1.0641e-25,1.2391e-12,-2.3894e-12,0,8.3083e-12,7.7647e-12,1.06e-13,1.4226e-10,7.9921e-11,1.815e-12,0,0,0,1,3,2.9464e-12,11.514,20.049,1.2269e-18,3.4101e-17,0,1.921e-12,1,0.00087,0.0015,0.00087,5e-06
1.4898e-08,2.5e-16,11.978,0.67651,0,0.20276,0.0054688,0.042067,0.011816,2.8657e-09,0.16611,1.1159e-25,1.2435e-12,-2.3686e-12,0,8.3083e-12,7.7647e-12,1.06e-13,1.4232e-10,7.9953e-11,1.8157e-12,0,0,0,1,3,2.9486e-12,11.485,20.049,1.2269e-18,3.4128e-17,0,1.9217e-12,1,0.000873,0.0015,0.000873,5e-06
1.4903e-08,2.5e-16,11.996,0.67668,0,0.20276,0.0054611,0.042079,0.011821,2.8668e-09,0.16616,1.1677e-25,1.2479e-12,-2.3479e-12,0,8.3083e-12,7.7647e-12,1.06e-13,1.4237e-10,7.9984e-11,1.8164e-12,0,0,0,1,3,2.9509e-12,11.456,20.049,1.2269e-18,3.4154e-17,0,1.9224e-12,1,0.000876,0.0015,0.000876,5e-06
1.4909e-08,2.5e-16,12.012,0.67686,0,0.20276,0.0054534,0.04209,0.011825,2.8677e-09,0.1662,1.1356e-25,1.2529e-12,-2.3275e-12,0,8.3083e-12,7.7647e-12,1.06e-13,1.4242e-10,8.0012e-11,1.817e-12,0,0,0,1,3,2.9529e-12,11.426,20.049,1.2269e-18,3.4177e-17,0,1.923e-12,1,0.000879,0.0015,0.000879,5e-06
1.4913e-08,2.5e-16,12.026,0.67704,0,0.20275,0.0054456,0.042101,0.01183,2.8685e-09,0.16625,1.0198e-25,1.2587e-12,-2.3075e-12,0,8.3083e-12,7.7647e-12,1.06e-13,1.4246e-10,8.0036e-11,1.8176e-12,0,0,0,1,3,2.9546e-12,11.397,20.049,1.2269e-18,3.4197e-17,0,1.9236e-12,1,0.000882,0.0015,0.000882,5e-06
1.4918e-08,2.5e-16,12.039,0.67722,0,0.20275,0.0054379,0.042113,0.011834,2.8692e-09,0.1663,9.0398e-26,1.2645e-12,-2.2875e-12,0,8.3083e-12,7.7647e-12,1.06e-13,1.4251e-10,8.006e-11,1.8181e-12,0,0,0,1,3,2.9564e-12,11.367,20.049,1.2269e-18,3.4217e-17,0,1.9241e-12,1,0.000885,0.0015,0.000885,5e-06
1.4921e-08,2.5e-16,12.049,0.67739,0,0.20274,0.0054302,0.042124,0.011839,2.8698e-09,0.16635,8.4586e-26,1.2701e-12,-2.2699e-12,0,8.3083e-12,7.7647e-12,1.06e-13,1.4254e-10,8.0077e-11,1.8185e-12,0,0,0,1,3,2.9576e-12,11.338,20.049,1.2269e-18,3.4231e-17,0,1.9245e-12,1,0.000888,0.0015,0.000888,5e-06
1.4924e-08,2.5e-16,12.058,0.67757,0,0.20274,0.0054225,0.042135,0.011843,2.8703e-09,0.1664,7.8775e-26,1.2756e-12,-2.2523e-12,0,8.3083e-12,7.7647e-12,1.06e-13,1.4257e-10,8.0094e-11,1.8189e-12,0,0,0,1,3,2.9588e-12,11.308,20.049,1.2269e-18,3.4245e-17,0,1.9249e-12,1,0.000891,0.0015,0.000891,5e-06
1.4926e-08,2.5e-16,12.066,0.67775,0,0.20274,0.0054148,0.042147,0.011848,2.8708e-09,0.16645,7.3647e-26,1.2798e-12,-2.2359e-12,0,8.3083e-12,7.7647e-12,1.06e-13,1.4259e-10,8.0107e-11,1.8192e-12,0,0,0,1,3,2.9597e-12,11.279,20.049,1.2269e-18,3.4256e-17,0,1.9252e-12,1,0.000894,0.0015,0.000894,5e-06
1.4928e-08,2.5e-16,12.071,0.67792,0,0.20273,0.0054071,0.042158,0.011853,2.8711e-09,0.16649,6.9203e-26,1.2827e-12,-2.2208e-12,0,8.3083e-12,7.7647e-12,1.06e-13,1.4261e-10,8.0117e-11,1.8194e-12,0,0,0,1,3,2.9604e-12,11.25,20.049,1.2269e-18,3.4264e-17,0,1.9254e-12,1,0.000897,0.0015,0.000897,5e-06
1.493e-08,2.5e-16,12.076,0.6781,0,0.20273,0.0053994,0.04217,0.011857,2.8714e-09,0.16654,6.476e-26,1.2856e-12,-2.2058e-12,0,8.3083e-12,7.7647e-12,1.06e-13,1.4263e-10,8.0127e-11,1.8196e-12,0,0,0,1,3,2.9611e-12,11.22,20.049,1.2269e-18,3.4272e-17,0,1.9256e-12,1,0.0009,0.0015,0.0009,5e-06
1.4931e-08,2.5e-16,12.078,0.67828,0,0.20272,0.0053916,0.042181,0.011862,2.8715e-09,0.16659,7.0508e-26,1.2874e-12,-2.1925e-12,0,8.3083e-12,7.7647e-12,1.06e-13,1.4263e-10,8.013e-11,1.8197e-12,0,0,0,1,3,2.9614e-12,11.191,20.049,1.2269e-18,3.4275e-17,0,1.9257e-12,1,0.000903,0.0015,0.000903,5e-06
1.4931e-08,2.5e-16,12.08,0.67845,0,0.20272,0.0053839,0.042192,0.011866,2.8717e-09,0.16664,7.6257e-26,1.2893e-12,-2.1792e-12,0,8.3083e-12,7.7647e-12,1.06e-13,1.4264e-10,8.0134e-11,1.8198e-12,0,0,0,1,3,2.9616e-12,11.161,20.049,1.2269e-18,3.4278e-17,0,1.9258e-12,1,0.000906,0.0015,0.000906,5e-06
1.4932e-08,2.5e-16,12.08,0.67863,0,0.20272,0.0053762,0.042204,0.011871,2.8717e-09,0.16669,8.1997e-26,1.2914e-12,-2.1662e-12,0,8.3083e-12,7.7647e-12,1.06e-13,1.4264e-10,8.0135e-11,1.8198e-12,0,0,0,1,3,2.9616e-12,11.132,20.049,1.2269e-18,3.4278e-17,0,1.9258e-12,1,0.000909,0.0015,0.000909,5e-06
1.4931e-08,2.5e-16,12.078,0.67881,0,0.20271,0.0053685,0.042215,0.011875,2.8716e-09,0.16674,8.7729e-26,1.2938e-12,-2.1535e-12,0,8.3083e-12,7.7647e-12,1.06e-13,1.4264e-10,8.0133e-11,1.8198e-12,0,0,0,1,3,2.9615e-12,11.102,20.049,1.2269e-18,3.4276e-17,0,1.9258e-12,1,0.000912,0.0015,0.000912,5e-06
1.4931e-08,2.5e-16,12.076,0.67898,0,0.20271,0.0053608,0.042226,0.01188,2.8715e-09,0.16678,9.346e-26,1.2961e-12,-2.1408e-12,0,8.3083e-12,7.7647e-12,1.06e-13,1.4263e-10,8.0131e-11,1.8197e-12,0,0,0,1,3,2.9613e-12,11.073,20.049,1.2269e-18,3.4275e-17,0,1.9257e-12,1,0.000915,0.0015,0.000915,5e-06
1.493e-08,2.5e-16,12.072,0.67916,0,0.2027,0.0053531,0.042238,0.011884,2.8713e-09,0.16683,8.7232e-26,1.297e-12,-2.1282e-12,0,8.3083e-12,7.7647e-12,1.06e-13,1.4262e-10,8.0124e-11,1.8196e-12,0,0,0,1,3,2.9608e-12,11.044,20.049,1.2269e-18,3.4269e-17,0,1.9256e-12,1,0.000918,0.0015,0.000918,5e-06
1.4928e-08,2.5e-16,12.068,0.67934,0,0.2027,0.0053454,0.042249,0.011889,2.8711e-09,0.16688,8.1004e-26,1.2979e-12,-2.1156e-12,0,8.3083e-12,7.7647e-12,1.06e-13,1.4261e-10,8.0118e-11,1.8194e-12,0,0,0,1,3,2.9604e-12,11.014,20.049,1.2269e-18,3.4263e-17,0,1.9254e-12,1,0.000921,0.0015,0.000921,5e-06
1.4927e-08,2.5e-16,12.063,0.67951,0,0.2027,0.0053376,0.04226,0.011893,2.8709e-09,0.16693,7.1342e-26,1.2985e-12,-2.1032e-12,0,8.3083e-12,7.7647e-12,1.06e-13,1.426e-10,8.011e-11,1.8193e-12,0,0,0,1,3,2.9598e-12,10.985,20.049,1.2269e-18,3.4257e-17,0,1.9253e-12,1,0.000924,0.0015,0.000924,5e-06
1.4925e-08,2.5e-16,12.057,0.67969,0,0.20269,0.0053299,0.042272,0.011898,2.8706e-09,0.16698,5.8244e-26,1.2989e-12,-2.0911e-12,0,8.3083e-12,7.7647e-12,1.06e-13,1.4258e-10,8.01e-11,1.819e-12,0,0,0,1,3,2.9591e-12,10.955,20.049,1.2269e-18,3.4248e-17,0,1.925e-12,1,0.000927,0.0015,0.000927,5e-06
1.4923e-08,2.5e-16,12.051,0.67987,0,0.20269,0.0053222,0.042283,0.011903,2.8702e-09,0.16703,4.5146e-26,1.2993e-12,-2.079e-12,0,8.3083e-12,7.7647e-12,1.06e-13,1.4256e-10,8.0091e-11,1.8188e-12,0,0,0,1,3,2.9583e-12,10.926,20.049,1.2269e-18,3.424e-17,0,1.9248e-12,1,0.00093,0.0015,0.00093,5e-06
1.4921e-08,2.5e-16,12.044,0.68004,0,0.20268,0.0053145,0.042294,0.011907,2.8699e-09,0.16707,4.6941e-26,1.2995e-12,-2.0673e-12,0,8.3083e-12,7.7647e-12,1.06e-13,1.4254e-10,8.0079e-11,1.8186e-12,0,0,0,1,3,2.9575e-12,10.896,20.049,1.2269e-18,3.423e-17,0,1.9246e-12,1,0.000933,0.0015,0.000933,5e-06
1.4919e-08,2.5e-16,12.037,0.68022,0,0.20268,0.0053068,0.042305,0.011912,2.8695e-09,0.16712,4.8736e-26,1.2998e-12,-2.0555e-12,0,8.3083e-12,7.7647e-12,1.06e-13,1.4252e-10,8.0068e-11,1.8183e-12,0,0,0,1,3,2.9567e-12,10.867,20.049,1.2269e-18,3.4221e-17,0,1.9243e-12,1,0.000936,0.0015,0.000936,5e-06
1.4917e-08,2.5e-16,12.03,0.6804,0,0.20268,0.0052991,0.042317,0.011916,2.8691e-09,0.16717,5.0876e-26,1.2991e-12,-2.0437e-12,0,8.3083e-12,7.7647e-12,1.06e-13,1.425e-10,8.0056e-11,1.818e-12,0,0,0,1,3,2.9558e-12,10.838,20.049,1.2269e-18,3.4211e-17,0,1.924e-12,1,0.000939,0.0015,0.000939,5e-06
1.4915e-08,2.5e-16,12.023,0.68057,0,0.20267,0.0052914,0.042328,0.011921,2.8687e-09,0.16722,5.3362e-26,1.2976e-12,-2.0318e-12,0,8.3083e-12,7.7647e-12,1.06e-13,1.4248e-10,8.0045e-11,1.8178e-12,0,0,0,1,3,2.9549e-12,10.808,20.049,1.2269e-18,3.4201e-17,0,1.9238e-12,1,0.000942,0.0015,0.000942,5e-06
1.4912e-08,2.5e-16,12.016,0.68075,0,0.20267,0.0052836,0.042339,0.011925,2.8683e-09,0.16727,5.5848e-26,1.296e-12,-2.0199e-12,0,8.3083e-12,7.7647e-12,1.06e-13,1.4246e-10,8.0033e-11,1.8175e-12,0,0,0,1,3,2.9541e-12,10.779,20.049,1.2269e-18,3.419e-17,0,1.9235e-12,1,0.000945,0.0015,0.000945,5e-06
1.491e-08,2.5e-16,12.009,0.68092,0,0.20266,0.0052759,0.042351,0.01193,2.868e-09,0.16732,5.1219e-26,1.2936e-12,-2.0076e-12,0,8.3083e-12,7.7647e-12,1.06e-13,1.4244e-10,8.0022e-11,1.8173e-12,0,0,0,1,3,2.9533e-12,10.749,20.049,1.2269e-18,3.4181e-17,0,1.9233e-12,1,0.000948,0.0015,0.000948,5e-06
1.4908e-08,2.5e-16,12.003,0.6811,0,0.20266,0.0052682,0.042362,0.011934,2.8676e-09,0.16736,4.6589e-26,1.2912e-12,-1.9952e-12,0,8.3083e-12,7.7647e-12,1.06e-13,1.4242e-10,8.0011e-11,1.817e-12,0,0,0,1,3,2.9525e-12,10.72,20.049,1.2269e-18,3.4172e-17,0,1.923e-12,1,0.000951,0.0015,0.000951,5e-06
1.4907e-08,2.5e-16,11.997,0.68128,0,0.20266,0.0052605,0.042373,0.011939,2.8673e-09,0.16741,4.5653e-26,1.2892e-12,-1.9828e-12,0,8.3083e-12,7.7647e-12,1.06e-13,1.424e-10,8.0001e-11,1.8168e-12,0,0,0,1,3,2.9517e-12,10.69,20.049,1.2269e-18,3.4164e-17,0,1.9228e-12,1,0.000954,0.0015,0.000954,5e-06
1.4905e-08,2.5e-16,11.991,0.68145,0,0.20265,0.0052528,0.042385,0.011944,2.867e-09,0.16746,4.841e-26,1.2877e-12,-1.9704e-12,0,8.3083e-12,7.7647e-12,1.06e-13,1.4239e-10,7.9993e-11,1.8166e-12,0,0,0,1,3,2.9511e-12,10.661,20.049,1.2269e-18,3.4156e-17,0,1.9226e-12,1,0.000957,0.0015,0.000957,5e-06
1.4903e-08,2.5e-16,11.986,0.68163,0,0.20265,0.0052451,0.042396,0.011948,2.8668e-09,0.16751,5.1167e-26,1.2862e-12,-1.9579e-12,0,8.3083e-12,7.7647e-12,1.06e-13,1.4237e-10,7.9984e-11,1.8164e-12,0,0,0,1,3,2.9505e-12,10.632,20.049,1.2269e-18,3.4149e-17,0,1.9224e-12,1,0.00096,0.0015,0.00096,5e-06
1.4903e-08,2.5e-16,11.983,0.68181,0,0.20264,0.0052373,0.042407,0.011953,2.8666e-09,0.16756,4.8234e-26,1.2849e-12,-1.946e-12,0,8.3083e-12,7.7647e-12,1.06e-13,1.4236e-10,7.998e-11,1.8163e-12,0,0,0,1,3,2.9501e-12,10.602,20.049,1.2269e-18,3.4145e-17,0,1.9223e-12,1,0.000963,0.0015,0.000963,5e-06
1.4902e-08,2.5e-16,11.98,0.68198,0,0.20264,0.0052296,0.042419,0.011957,2.8665e-09,0.16761,4.53e-26,1.2836e-12,-1.934e-12,0,8.3083e-12,7.7647e-12,1.06e-13,1.4236e-10,7.9975e-11,1.8162e-12,0,0,0,1,3,2.9498e-12,10.573,20.049,1.2269e-18,3.4141e-17,0,1.9222e-12,1,0.000966,0.0015,0.000966,5e-06
1.4901e-08,2.5e-16,11.978,0.68216,0,0.20264,0.0052219,0.04243,0.011962,2.8664e-09,0.16765,4.3264e-26,1.2824e-12,-1.9224e-12,0,8.3083e-12,7.7647e-12,1.06e-13,1.4235e-10,7.9973e-11,1.8161e-12,0,0,0,1,3,2.9496e-12,10.543,20.049,1.2269e-18,3.4139e-17,0,1.9221e-12,1,0.000969,0.0015,0.000969,5e-06
1.4901e-08,2.5e-16,11.978,0.68234,0,0.20263,0.0052142,0.042441,0.011966,2.8664e-09,0.1677,4.2125e-26,1.2813e-12,-1.9112e-12,0,8.3083e-12,7.7647e-12,1.06e-13,1.4235e-10,7.9973e-11,1.8161e-12,0,0,0,1,3,2.9496e-12,10.514,20.049,1.2269e-18,3.4139e-17,0,1.9221e-12,1,0.000972,0.0015,0.000972,5e-06
1.4901e-08,2.5e-16,11.978,0.68251,0,0.20263,0.0052065,0.042453,0.011971,2.8664e-09,0.16775,4.0987e-26,1.2802e-12,-1.9e-12,0,8.3083e-12,7.7647e-12,1.06e-13,1.4235e-10,7.9973e-11,1.8161e-12,0,0,0,1,3,2.9496e-12,10.484,20.049,1.2269e-18,3.4139e-17,0,1.9221e-12,1,0.000975,0.0015,0.000975,5e-06
1.4903e-08,2.5e-16,11.981,0.68269,0,0.20262,0.0051988,0.042464,0.011975,2.8666e-09,0.1678,5.1811e-26,1.2793e-12,-1.8894e-12,0,8.3083e-12,7.7647e-12,1.06e-13,1.4236e-10,7.9979e-11,1.8163e-12,0,0,0,1,3,2.95e-12,10.455,20.049,1.2269e-18,3.4144e-17,0,1.9223e-12,1,0.000978,0.0015,0.000978,5e-06
1.4904e-08,2.5e-16,11.984,0.68286,0,0.20262,0.005191,0.042475,0.01198,2.8668e-09,0.16785,6.2636e-26,1.2785e-12,-1.8788e-12,0,8.3083e-12,7.7647e-12,1.06e-13,1.4237e-10,7.9986e-11,1.8164e-12,0,0,0,1,3,2.9505e-12,10.426,20.049,1.2269e-18,3.4149e-17,0,1.9224e-12,1,0.000981,0.0015,0.000981,5e-06
1.4906e-08,2.5e-16,11.989,0.68304,0,0.20262,0.0051833,0.042487,0.011984,2.8671e-09,0.1679,6.7528e-26,1.2767e-12,-1.8679e-12,0,8.3083e-12,7.7647e-12,1.06e-13,1.4239e-10,7.9995e-11,1.8166e-12,0,0,0,1,3,2.9511e-12,10.396,20.049,1.2269e-18,3.4157e-17,0,1.9226e-12,1,0.000984,0.0015,0.000984,5e-06
1.4908e-08,2.5e-16,11.997,0.68322,0,0.20261,0.0051756,0.042498,0.011989,2.8675e-09,0.16794,6.6488e-26,1.2741e-12,-1.8567e-12,0,8.3083e-12,7.7647e-12,1.06e-13,1.4242e-10,8.0008e-11,1.8169e-12,0,0,0,1,3,2.9521e-12,10.367,20.049,1.2269e-18,3.4168e-17,0,1.9229e-12,1,0.000987,0.0015,0.000987,5e-06
1.491e-08,2.5e-16,12.004,0.68339,0,0.20261,0.0051679,0.042509,0.011994,2.868e-09,0.16799,6.5449e-26,1.2716e-12,-1.8454e-12,0,8.3083e-12,7.7647e-12,1.06e-13,1.4244e-10,8.0022e-11,1.8172e-12,0,0,0,1,3,2.953e-12,10.337,20.049,1.2269e-18,3.4178e-17,0,1.9232e-12,1,0.00099,0.0015,0.00099,5e-06
1.4914e-08,2.5e-16,12.015,0.68357,0,0.2026,0.0051602,0.042521,0.011998,2.8687e-09,0.16804,6.0496e-26,1.268e-12,-1.8345e-12,0,8.3083e-12,7.7647e-12,1.06e-13,1.4248e-10,8.0042e-11,1.8177e-12,0,0,0,1,3,2.9545e-12,10.308,20.049,1.2269e-18,3.4195e-17,0,1.9237e-12,1,0.000993,0.0015,0.000993,5e-06
1.4918e-08,2.5e-16,12.027,0.68375,0,0.2026,0.0051525,0.042532,0.012003,2.8693e-09,0.16809,5.5543e-26,1.2644e-12,-1.8236e-12,0,8.3083e-12,7.7647e-12,1.06e-13,1.4251e-10,8.0063e-11,1.8182e-12,0,0,0,1,3,2.956e-12,10.278,20.049,1.2269e-18,3.4213e-17,0,1.9242e-12,1,0.000996,0.0015,0.000996,5e-06
1.4923e-08,2.5e-16,12.041,0.68392,0,0.2026,0.0051447,0.042543,0.012007,2.8701e-09,0.16814,5.0504e-26,1.2609e-12,-1.8129e-12,0,8.3083e-12,7.7647e-12,1.06e-13,1.4256e-10,8.0087e-11,1.8187e-12,0,0,0,1,3,2.9577e-12,10.249,20.049,1.2269e-18,3.4233e-17,0,1.9247e-12,1,0.000999,0.0015,0.000999,5e-06
1.4928e-08,2.5e-16,12.057,0.6841,0,0.20259,0.005137,0.042554,0.012012,2.8711e-09,0.16818,4.5378e-26,1.2574e-12,-1.8026e-12,0,8.3083e-12,7.7647e-12,1.06e-13,1.4261e-10,8.0116e-11,1.8194e-12,0,0,0,1,3,2.9598e-12,10.22,20.049,1.2269e-18,3.4257e-17,0,1.9254e-12,1,0.001002,0.0015,0.001002,5e-06
1.4933e-08,2.5e-16,12.073,0.68427,0,0.20259,0.0051293,0.042566,0.012016,2.872e-09,0.16823,4.0253e-26,1.2539e-12,-1.7923e-12,0,8.3083e-12,7.7647e-12,1.06e-13,1.4266e-10,8.0145e-11,1.82e-12,0,0,0,1,3,2.9618e-12,10.19,20.049,1.2269e-18,3.4281e-17,0,1.926e-12,1,0.001005,0.0015,0.001005,5e-06
1.494e-08,2.5e-16,12.094,0.68445,0,0.20258,0.0051216,0.042577,0.012021,2.8732e-09,0.16828,4.2246e-26,1.2496e-12,-1.7828e-12,0,8.3083e-12,7.7647e-12,1.06e-13,1.4272e-10,8.0181e-11,1.8209e-12,0,0,0,1,3,2.9645e-12,10.161,20.049,1.2269e-18,3.4311e-17,0,1.9269e-12,1,0.001008,0.0015,0.001008,5e-06
1.4947e-08,2.5e-16,12.115,0.68463,0,0.20258,0.0051139,0.042588,0.012025,2.8744e-09,0.16833,4.424e-26,1.2454e-12,-1.7733e-12,0,8.3083e-12,7.7647e-12,1.06e-13,1.4279e-10,8.0217e-11,1.8217e-12,0,0,0,1,3,2.9671e-12,10.131,20.049,1.2269e-18,3.4341e-17,0,1.9277e-12,1,0.001011,0.0015,0.001011,5e-06
1.4954e-08,2.5e-16,12.138,0.6848,0,0.20258,0.0051062,0.0426,0.01203,2.8757e-09,0.16838,4.7849e-26,1.2409e-12,-1.7635e-12,0,8.3083e-12,7.7647e-12,1.06e-13,1.4286e-10,8.0257e-11,1.8226e-12,0,0,0,1,3,2.97e-12,10.102,20.049,1.2269e-18,3.4375e-17,0,1.9286e-12,1,0.001014,0.0015,0.001014,5e-06
1.4962e-08,2.5e-16,12.163,0.68498,0,0.20257,0.0050984,0.042611,0.012034,2.8771e-09,0.16843,5.3074e-26,1.2361e-12,-1.7534e-12,0,8.3083e-12,7.7647e-12,1.06e-13,1.4294e-10,8.0301e-11,1.8236e-12,0,0,0,1,3,2.9731e-12,10.072,20.049,1.2269e-18,3.4411e-17,0,1.9296e-12,1,0.001017,0.0015,0.001017,5e-06
1.4971e-08,2.5e-16,12.188,0.68515,0,0.20257,0.0050907,0.042622,0.012039,2.8785e-09,0.16847,5.8298e-26,1.2314e-12,-1.7434e-12,0,8.3083e-12,7.7647e-12,1.06e-13,1.4301e-10,8.0344e-11,1.8246e-12,0,0,0,1,3,2.9763e-12,10.043,20.049,1.2269e-18,3.4447e-17,0,1.9306e-12,1,0.00102,0.0015,0.00102,5e-06
1.498e-08,2.5e-16,12.217,0.68533,0,0.20256,0.005083,0.042633,0.012044,2.8802e-09,0.16852,5.7596e-26,1.2275e-12,-1.7335e-12,0,8.3083e-12,7.7647e-12,1.06e-13,1.431e-10,8.0395e-11,1.8257e-12,0,0,0,1,3,2.9799e-12,10.014,20.049,1.2269e-18,3.4489e-17,0,1.9317e-12,1,0.001023,0.0015,0.001023,5e-06
1.4989e-08,2.5e-16,12.246,0.68551,0,0.20256,0.0050753,0.042645,0.012048,2.8818e-09,0.16857,5.6895e-26,1.2236e-12,-1.7236e-12,0,8.3083e-12,7.7647e-12,1.06e-13,1.4319e-10,8.0445e-11,1.8269e-12,0,0,0,1,3,2.9835e-12,9.9841,20.049,1.2269e-18,3.4531e-17,0,1.9329e-12,1,0.001026,0.0015,0.001026,5e-06
1.4999e-08,2.5e-16,12.277,0.68568,0,0.20256,0.0050676,0.042656,0.012053,2.8835e-09,0.16862,5.7228e-26,1.2192e-12,-1.7134e-12,0,8.3083e-12,7.7647e-12,1.06e-13,1.4329e-10,8.0498e-11,1.8281e-12,0,0,0,1,3,2.9873e-12,9.9547,20.049,1.2269e-18,3.4576e-17,0,1.9341e-12,1,0.001029,0.0015,0.001029,5e-06
1.5009e-08,2.5e-16,12.309,0.68586,0,0.20255,0.0050599,0.042667,0.012057,2.8853e-09,0.16867,5.8598e-26,1.2143e-12,-1.703e-12,0,8.3083e-12,7.7647e-12,1.06e-13,1.4338e-10,8.0553e-11,1.8293e-12,0,0,0,1,3,2.9914e-12,9.9253,20.049,1.2269e-18,3.4622e-17,0,1.9353e-12,1,0.001032,0.0015,0.001032,5e-06
1.502e-08,2.5e-16,12.342,0.68603,0,0.20255,0.0050521,0.042679,0.012062,2.8872e-09,0.16872,5.9967e-26,1.2094e-12,-1.6926e-12,0,8.3083e-12,7.7647e-12,1.06e-13,1.4348e-10,8.0609e-11,1.8306e-12,0,0,0,1,3,2.9954e-12,9.8958,20.049,1.2269e-18,3.4669e-17,0,1.9366e-12,1,0.001035,0.0015,0.001035,5e-06
1.5031e-08,2.5e-16,12.376,0.68621,0,0.20254,0.0050444,0.04269,0.012066,2.8891e-09,0.16876,4.7837e-26,1.2042e-12,-1.6839e-12,0,8.3083e-12,7.7647e-12,1.06e-13,1.4359e-10,8.0668e-11,1.8319e-12,0,0,0,1,3,2.9997e-12,9.8664,20.049,1.2269e-18,3.4718e-17,0,1.9379e-12,1,0.001038,0.0015,0.001038,5e-06
1.5042e-08,2.5e-16,12.411,0.68639,0,0.20254,0.0050367,0.042701,0.012071,2.891e-09,0.16881,3.5707e-26,1.199e-12,-1.6752e-12,0,8.3083e-12,7.7647e-12,1.06e-13,1.4369e-10,8.0727e-11,1.8333e-12,0,0,0,1,3,3.004e-12,9.837,20.049,1.2269e-18,3.4768e-17,0,1.9393e-12,1,0.001041,0.0015,0.001041,5e-06
1.5053e-08,2.5e-16,12.447,0.68656,0,0.20254,0.005029,0.042713,0.012075,2.893e-09,0.16886,2.7874e-26,1.194e-12,-1.6666e-12,0,8.3083e-12,7.7647e-12,1.06e-13,1.438e-10,8.0787e-11,1.8346e-12,0,0,0,1,3,3.0083e-12,9.8075,20.049,1.2269e-18,3.4819e-17,0,1.9406e-12,1,0.001044,0.0015,0.001044,5e-06
1.5065e-08,2.5e-16,12.483,0.68674,0,0.20253,0.0050213,0.042724,0.01208,2.895e-09,0.16891,2.4338e-26,1.1892e-12,-1.6582e-12,0,8.3083e-12,7.7647e-12,1.06e-13,1.4391e-10,8.0849e-11,1.836e-12,0,0,0,1,3,3.0128e-12,9.7781,20.049,1.2269e-18,3.487e-17,0,1.942e-12,1,0.001047,0.0015,0.001047,5e-06
1.5076e-08,2.5e-16,12.519,0.68691,0,0.20253,0.0050136,0.042735,0.012084,2.897e-09,0.16896,2.0801e-26,1.1844e-12,-1.6497e-12,0,8.3083e-12,7.7647e-12,1.06e-13,1.4402e-10,8.091e-11,1.8374e-12,0,0,0,1,3,3.0172e-12,9.7487,20.049,1.2269e-18,3.4921e-17,0,1.9434e-12,1,0.00105,0.0015,0.00105,5e-06
1.5087e-08,2.5e-16,12.555,0.68709,0,0.20252,0.0050058,0.042746,0.012089,2.899e-09,0.169,2.3763e-26,1.1807e-12,-1.6423e-12,0,8.3083e-12,7.7647e-12,1.06e-13,1.4413e-10,8.0971e-11,1.8388e-12,0,0,0,1,3,3.0217e-12,9.7193,20.049,1.2269e-18,3.4973e-17,0,1.9448e-12,1,0.001053,0.0015,0.001053,5e-06
1.5099e-08,2.5e-16,12.592,0.68727,0,0.20252,0.0049981,0.042758,0.012093,2.901e-09,0.16905,2.6725e-26,1.177e-12,-1.6349e-12,0,8.3083e-12,7.7647e-12,1.06e-13,1.4424e-10,8.1033e-11,1.8402e-12,0,0,0,1,3,3.0261e-12,9.6898,20.049,1.2269e-18,3.5024e-17,0,1.9462e-12,1,0.001056,0.0015,0.001056,5e-06
1.511e-08,2.5e-16,12.628,0.68744,0,0.20252,0.0049904,0.042769,0.012098,2.903e-09,0.1691,2.6672e-26,1.1724e-12,-1.6266e-12,0,8.3083e-12,7.7647e-12,1.06e-13,1.4435e-10,8.1093e-11,1.8416e-12,0,0,0,1,3,3.0305e-12,9.6604,20.049,1.2269e-18,3.5075e-17,0,1.9476e-12,1,0.001059,0.0015,0.001059,5e-06
1.5121e-08,2.5e-16,12.663,0.68762,0,0.20251,0.0049827,0.04278,0.012103,2.9049e-09,0.16915,2.3603e-26,1.1668e-12,-1.6174e-12,0,8.3083e-12,7.7647e-12,1.06e-13,1.4445e-10,8.1152e-11,1.8429e-12,0,0,0,1,3,3.0348e-12,9.631,20.049,1.2269e-18,3.5125e-17,0,1.9489e-12,1,0.001062,0.0015,0.001062,5e-06
1.5132e-08,2.5e-16,12.699,0.68779,0,0.20251,0.004975,0.042792,0.012107,2.9069e-09,0.1692,2.0534e-26,1.1612e-12,-1.6082e-12,0,8.3083e-12,7.7647e-12,1.06e-13,1.4456e-10,8.1212e-11,1.8443e-12,0,0,0,1,3,3.0391e-12,9.6015,20.049,1.2269e-18,3.5175e-17,0,1.9503e-12,1,0.001065,0.0015,0.001065,5e-06
1.5143e-08,2.5e-16,12.732,0.68797,0,0.2025,0.0049673,0.042803,0.012112,2.9087e-09,0.16925,2.097e-26,1.157e-12,-1.6002e-12,0,8.3083e-12,7.7647e-12,1.06e-13,1.4466e-10,8.1268e-11,1.8455e-12,0,0,0,1,3,3.0432e-12,9.5721,20.049,1.2269e-18,3.5222e-17,0,1.9515e-12,1,0.001068,0.0015,0.001068,5e-06
1.5153e-08,2.5e-16,12.765,0.68815,0,0.2025,0.0049595,0.042814,0.012116,2.9105e-09,0.16929,2.1405e-26,1.1529e-12,-1.5923e-12,0,8.3083e-12,7.7647e-12,1.06e-13,1.4476e-10,8.1323e-11,1.8468e-12,0,0,0,1,3,3.0472e-12,9.5427,20.049,1.2269e-18,3.5268e-17,0,1.9528e-12,1,0.001071,0.0015,0.001071,5e-06
1.5163e-08,2.5e-16,12.797,0.68832,0,0.2025,0.0049518,0.042825,0.012121,2.9122e-09,0.16934,2.2859e-26,1.148e-12,-1.5834e-12,0,8.3083e-12,7.7647e-12,1.06e-13,1.4485e-10,8.1376e-11,1.848e-12,0,0,0,1,3,3.051e-12,9.5132,20.049,1.2269e-18,3.5313e-17,0,1.954e-12,1,0.001074,0.0015,0.001074,5e-06
1.5172e-08,2.5e-16,12.827,0.6885,0,0.20249,0.0049441,0.042837,0.012125,2.9139e-09,0.16939,2.533e-26,1.1423e-12,-1.5738e-12,0,8.3083e-12,7.7647e-12,1.06e-13,1.4494e-10,8.1426e-11,1.8492e-12,0,0,0,1,3,3.0547e-12,9.4838,20.049,1.2269e-18,3.5355e-17,0,1.9551e-12,1,0.001077,0.0015,0.001077,5e-06
1.5182e-08,2.5e-16,12.858,0.68867,0,0.20249,0.0049364,0.042848,0.01213,2.9155e-09,0.16944,2.7802e-26,1.1367e-12,-1.5641e-12,0,8.3083e-12,7.7647e-12,1.06e-13,1.4503e-10,8.1477e-11,1.8503e-12,0,0,0,1,3,3.0583e-12,9.4544,20.049,1.2269e-18,3.5397e-17,0,1.9563e-12,1,0.00108,0.0015,0.00108,5e-06
1.519e-08,2.5e-16,12.884,0.68885,0,0.20248,0.0049287,0.042859,0.012134,2.9169e-09,0.16949,2.695e-26,1.1325e-12,-1.5554e-12,0,8.3083e-12,7.7647e-12,1.06e-13,1.4511e-10,8.152e-11,1.8513e-12,0,0,0,1,3,3.0615e-12,9.425,20.049,1.2269e-18,3.5434e-17,0,1.9573e-12,1,0.001083,0.0015,0.001083,5e-06
1.5198e-08,2.5e-16,12.91,0.68902,0,0.20248,0.004921,0.04287,0.012139,2.9184e-09,0.16953,2.6099e-26,1.1284e-12,-1.5467e-12,0,8.3083e-12,7.7647e-12,1.06e-13,1.4518e-10,8.1564e-11,1.8523e-12,0,0,0,1,3,3.0646e-12,9.3955,20.049,1.2269e-18,3.547e-17,0,1.9583e-12,1,0.001086,0.0015,0.001086,5e-06
1.5205e-08,2.5e-16,12.934,0.6892,0,0.20248,0.0049132,0.042882,0.012143,2.9197e-09,0.16958,2.5408e-26,1.1234e-12,-1.5376e-12,0,8.3083e-12,7.7647e-12,1.06e-13,1.4525e-10,8.1603e-11,1.8532e-12,0,0,0,1,3,3.0675e-12,9.3661,20.049,1.2269e-18,3.5504e-17,0,1.9592e-12,1,0.001089,0.0015,0.001089,5e-06
1.5212e-08,2.5e-16,12.955,0.68938,0,0.20247,0.0049055,0.042893,0.012148,2.9208e-09,0.16963,2.4879e-26,1.1175e-12,-1.5279e-12,0,8.3083e-12,7.7647e-12,1.06e-13,1.4532e-10,8.1639e-11,1.854e-12,0,0,0,1,3,3.0701e-12,9.3367,20.049,1.2269e-18,3.5533e-17,0,1.96e-12,1,0.001092,0.0015,0.001092,5e-06
1.5219e-08,2.5e-16,12.977,0.68955,0,0.20247,0.0048978,0.042904,0.012152,2.922e-09,0.16968,2.435e-26,1.1117e-12,-1.5183e-12,0,8.3083e-12,7.7647e-12,1.06e-13,1.4538e-10,8.1675e-11,1.8548e-12,0,0,0,1,3,3.0727e-12,9.3072,20.049,1.2269e-18,3.5563e-17,0,1.9608e-12,1,0.001095,0.0015,0.001095,5e-06
1.5224e-08,2.5e-16,12.993,0.68973,0,0.20246,0.0048901,0.042916,0.012157,2.9229e-09,0.16973,2.5246e-26,1.1081e-12,-1.5098e-12,0,8.3083e-12,7.7647e-12,1.06e-13,1.4543e-10,8.1702e-11,1.8554e-12,0,0,0,1,3,3.0747e-12,9.2778,20.049,1.2269e-18,3.5586e-17,0,1.9614e-12,1,0.001098,0.0015,0.001098,5e-06
1.5229e-08,2.5e-16,13.009,0.6899,0,0.20246,0.0048824,0.042927,0.012161,2.9238e-09,0.16977,2.6142e-26,1.1045e-12,-1.5014e-12,0,8.3083e-12,7.7647e-12,1.06e-13,1.4548e-10,8.173e-11,1.856e-12,0,0,0,1,3,3.0766e-12,9.2484,20.049,1.2269e-18,3.5609e-17,0,1.962e-12,1,0.001101,0.0015,0.001101,5e-06
1.5233e-08,2.5e-16,13.023,0.69008,0,0.20246,0.0048746,0.042938,0.012166,2.9245e-09,0.16982,2.5744e-26,1.0995e-12,-1.4923e-12,0,8.3083e-12,7.7647e-12,1.06e-13,1.4552e-10,8.1753e-11,1.8566e-12,0,0,0,1,3,3.0783e-12,9.2189,20.049,1.2269e-18,3.5628e-17,0,1.9626e-12,1,0.001104,0.0015,0.001104,5e-06
1.5237e-08,2.5e-16,13.034,0.69025,0,0.20245,0.0048669,0.042949,0.01217,2.9252e-09,0.16987,2.4054e-26,1.093e-12,-1.4824e-12,0,8.3083e-12,7.7647e-12,1.06e-13,1.4555e-10,8.1772e-11,1.857e-12,0,0,0,1,3,3.0797e-12,9.1895,20.049,1.2269e-18,3.5644e-17,0,1.963e-12,1,0.001107,0.0015,0.001107,5e-06
1.524e-08,2.5e-16,13.046,0.69043,0,0.20245,0.0048592,0.042961,0.012175,2.9258e-09,0.16992,2.2364e-26,1.0866e-12,-1.4726e-12,0,8.3083e-12,7.7647e-12,1.06e-13,1.4559e-10,8.1791e-11,1.8574e-12,0,0,0,1,3,3.081e-12,9.1601,20.049,1.2269e-18,3.566e-17,0,1.9634e-12,1,0.00111,0.0015,0.00111,5e-06
1.5242e-08,2.5e-16,13.052,0.69061,0,0.20244,0.0048515,0.042972,0.012179,2.9261e-09,0.16997,1.9594e-26,1.0839e-12,-1.4643e-12,0,8.3083e-12,7.7647e-12,1.06e-13,1.4561e-10,8.1802e-11,1.8577e-12,0,0,0,1,3,3.0818e-12,9.1307,20.049,1.2269e-18,3.5669e-17,0,1.9637e-12,1,0.001113,0.0015,0.001113,5e-06
1.5244e-08,2.5e-16,13.058,0.69078,0,0.20244,0.0048438,0.042983,0.012184,2.9265e-09,0.17002,1.6825e-26,1.0812e-12,-1.456e-12,0,8.3083e-12,7.7647e-12,1.06e-13,1.4563e-10,8.1812e-11,1.8579e-12,0,0,0,1,3,3.0826e-12,9.1012,20.049,1.2269e-18,3.5678e-17,0,1.9639e-12,1,0.001116,0.0015,0.001116,5e-06
1.5245e-08,2.5e-16,13.062,0.69096,0,0.20244,0.0048361,0.042994,0.012189,2.9267e-09,0.17006,1.5922e-26,1.0776e-12,-1.4482e-12,0,8.3083e-12,7.7647e-12,1.06e-13,1.4564e-10,8.182e-11,1.8581e-12,0,0,0,1,3,3.0831e-12,9.0718,20.049,1.2269e-18,3.5684e-17,0,1.9641e-12,1,0.001119,0.0015,0.001119,5e-06
1.5246e-08,2.5e-16,13.064,0.69113,0,0.20243,0.0048284,0.043006,0.012193,2.9268e-09,0.17011,1.6886e-26,1.0731e-12,-1.4409e-12,0,8.3083e-12,7.7647e-12,1.06e-13,1.4565e-10,8.1823e-11,1.8582e-12,0,0,0,1,3,3.0833e-12,9.0424,20.049,1.2269e-18,3.5686e-17,0,1.9642e-12,1,0.001122,0.0015,0.001122,5e-06
1.5247e-08,2.5e-16,13.065,0.69131,0,0.20243,0.0048206,0.043017,0.012198,2.927e-09,0.17016,1.785e-26,1.0686e-12,-1.4335e-12,0,8.3083e-12,7.7647e-12,1.06e-13,1.4565e-10,8.1827e-11,1.8582e-12,0,0,0,1,3,3.0835e-12,9.0129,20.049,1.2269e-18,3.5689e-17,0,1.9642e-12,1,0.001125,0.0015,0.001125,5e-06
1.5246e-08,2.5e-16,13.063,0.69148,0,0.20242,0.0048129,0.043028,0.012202,2.9269e-09,0.17021,1.6186e-26,1.0669e-12,-1.4275e-12,0,8.3083e-12,7.7647e-12,1.06e-13,1.4565e-10,8.1824e-11,1.8582e-12,0,0,0,1,3,3.0833e-12,8.9835,20.049,1.2269e-18,3.5686e-17,0,1.9642e-12,1,0.001128,0.0015,0.001128,5e-06
1.5246e-08,2.5e-16,13.061,0.69166,0,0.20242,0.0048052,0.04304,0.012207,2.9268e-09,0.17026,1.4521e-26,1.0651e-12,-1.4215e-12,0,8.3083e-12,7.7647e-12,1.06e-13,1.4564e-10,8.1821e-11,1.8581e-12,0,0,0,1,3,3.0831e-12,8.9541,20.049,1.2269e-18,3.5684e-17,0,1.9641e-12,1,0.001131,0.0015,0.001131,5e-06
1.5245e-08,2.5e-16,13.058,0.69184,0,0.20242,0.0047975,0.043051,0.012211,2.9266e-09,0.1703,1.311e-26,1.0597e-12,-1.4118e-12,0,8.3083e-12,7.7647e-12,1.06e-13,1.4563e-10,8.1816e-11,1.858e-12,0,0,0,1,3,3.0827e-12,8.9246,20.049,1.2269e-18,3.568e-17,0,1.964e-12,1,0.001134,0.0015,0.001134,5e-06
1.5243e-08,2.5e-16,13.053,0.69201,0,0.20241,0.0047898,0.043062,0.012216,2.9264e-09,0.17035,1.1952e-26,1.0507e-12,-1.3982e-12,0,8.3083e-12,7.7647e-12,1.06e-13,1.4562e-10,8.1809e-11,1.8578e-12,0,0,0,1,3,3.0822e-12,8.8952,20.049,1.2269e-18,3.5673e-17,0,1.9638e-12,1,0.001137,0.0015,0.001137,5e-06
1.5242e-08,2.5e-16,13.048,0.69219,0,0.20241,0.004782,0.043073,0.01222,2.9261e-09,0.1704,1.0793e-26,1.0416e-12,-1.3846e-12,0,8.3083e-12,7.7647e-12,1.06e-13,1.4561e-10,8.1801e-11,1.8577e-12,0,0,0,1,3,3.0816e-12,8.8658,20.049,1.2269e-18,3.5667e-17,0,1.9637e-12,1,0.00114,0.0015,0.00114,5e-06
1.524e-08,2.5e-16,13.041,0.69236,0,0.2024,0.0047743,0.043085,0.012225,2.9258e-09,0.17045,1.1204e-26,1.0258e-12,-1.3663e-12,0,8.3083e-12,7.7647e-12,1.06e-13,1.4559e-10,8.1791e-11,1.8574e-12,0,0,0,1,3,3.0808e-12,8.8364,20.049,1.2269e-18,3.5658e-17,0,1.9634e-12,1,0.001143,0.0015,0.001143,5e-06
1.5238e-08,2.5e-16,13.034,0.69254,0,0.2024,0.0047666,0.043096,0.012229,2.9255e-09,0.1705,1.1615e-26,1.01e-12,-1.348e-12,0,8.3083e-12,7.7647e-12,1.06e-13,1.4557e-10,8.1781e-11,1.8572e-12,0,0,0,1,3,3.0801e-12,8.8069,20.049,1.2269e-18,3.5649e-17,0,1.9632e-12,1,0.001146,0.0015,0.001146,5e-06
1.5236e-08,2.5e-16,13.027,0.69271,0,0.2024,0.0047589,0.043107,0.012234,2.9251e-09,0.17054,1.2124e-26,1.0057e-12,-1.3413e-12,0,8.3083e-12,7.7647e-12,1.06e-13,1.4555e-10,8.177e-11,1.857e-12,0,0,0,1,3,3.0793e-12,8.7775,20.049,1.2269e-18,3.564e-17,0,1.963e-12,1,0.001149,0.0015,0.001149,5e-06
1.5234e-08,2.5e-16,13.02,0.69289,0,0.20239,0.0047512,0.043118,0.012238,2.9247e-09,0.17059,1.2732e-26,1.0129e-12,-1.3464e-12,0,8.3083e-12,7.7647e-12,1.06e-13,1.4553e-10,8.1759e-11,1.8567e-12,0,0,0,1,3,3.0784e-12,8.7481,20.049,1.2269e-18,3.563e-17,0,1.9627e-12,1,0.001152,0.0015,0.001152,5e-06
1.5232e-08,2.5e-16,13.012,0.69306,0,0.20239,0.0047435,0.04313,0.012243,2.9244e-09,0.17064,1.3339e-26,1.0201e-12,-1.3514e-12,0,8.3083e-12,7.7647e-12,1.06e-13,1.4551e-10,8.1748e-11,1.8564e-12,0,0,0,1,3,3.0776e-12,8.7186,20.049,1.2269e-18,3.562e-17,0,1.9624e-12,1,0.001155,0.0015,0.001155,5e-06
1.523e-08,2.5e-16,13.006,0.69324,0,0.20238,0.0047358,0.043141,0.012247,2.924e-09,0.17069,1.7217e-26,1.0296e-12,-1.3526e-12,0,8.3083e-12,7.7647e-12,1.06e-13,1.4549e-10,8.1738e-11,1.8562e-12,0,0,0,1,3,3.0768e-12,8.6892,20.049,1.2269e-18,3.5612e-17,0,1.9622e-12,1,0.001158,0.0015,0.001158,5e-06
1.5228e-08,2.5e-16,12.999,0.69341,0,0.20238,0.004728,0.043152,0.012252,2.9237e-09,0.17074,2.1096e-26,1.0391e-12,-1.3538e-12,0,8.3083e-12,7.7647e-12,1.06e-13,1.4547e-10,8.1727e-11,1.856e-12,0,0,0,1,3,3.0761e-12,8.6598,20.049,1.2269e-18,3.5603e-17,0,1.962e-12,1,0.001161,0.0015,0.001161,5e-06
1.5227e-08,2.5e-16,12.993,0.69359,0,0.20238,0.0047203,0.043163,0.012256,2.9234e-09,0.17078,2.6137e-26,1.0481e-12,-1.3644e-12,0,8.3083e-12,7.7647e-12,1.06e-13,1.4546e-10,8.1719e-11,1.8558e-12,0,0,0,1,3,3.0754e-12,8.6303,20.049,1.2269e-18,3.5595e-17,0,1.9618e-12,1,0.001164,0.0015,0.001164,5e-06
1.5225e-08,2.5e-16,12.989,0.69377,0,0.20237,0.0047126,0.043175,0.012261,2.9232e-09,0.17083,3.2343e-26,1.0565e-12,-1.3843e-12,0,8.3083e-12,7.7647e-12,1.06e-13,1.4545e-10,8.1712e-11,1.8556e-12,0,0,0,1,3,3.0749e-12,8.6009,20.049,1.2269e-18,3.5589e-17,0,1.9616e-12,1,0.001167,0.0015,0.001167,5e-06
1.5224e-08,2.5e-16,12.984,0.69394,0,0.20237,0.0047049,0.043186,0.012265,2.923e-09,0.17088,3.8548e-26,1.0649e-12,-1.4043e-12,0,8.3083e-12,7.7647e-12,1.06e-13,1.4543e-10,8.1705e-11,1.8555e-12,0,0,0,1,3,3.0744e-12,8.5715,20.049,1.2269e-18,3.5583e-17,0,1.9615e-12,1,0.00117,0.0015,0.00117,5e-06
1.5224e-08,2.5e-16,12.982,0.69412,0,0.20236,0.0046972,0.043197,0.01227,2.9229e-09,0.17093,3.8154e-26,1.0785e-12,-1.4309e-12,0,8.3083e-12,7.7647e-12,1.06e-13,1.4543e-10,8.1702e-11,1.8554e-12,0,0,0,1,3,3.0742e-12,8.5421,20.049,1.2269e-18,3.5581e-17,0,1.9614e-12,1,0.001173,0.0015,0.001173,5e-06
1.5223e-08,2.5e-16,12.98,0.69429,0,0.20236,0.0046895,0.043208,0.012274,2.9228e-09,0.17098,3.776e-26,1.0922e-12,-1.4576e-12,0,8.3083e-12,7.7647e-12,1.06e-13,1.4543e-10,8.17e-11,1.8554e-12,0,0,0,1,3,3.074e-12,8.5126,20.049,1.2269e-18,3.5579e-17,0,1.9614e-12,1,0.001176,0.0015,0.001176,5e-06
1.5223e-08,2.5e-16,12.981,0.69447,0,0.20236,0.0046817,0.04322,0.012279,2.9229e-09,0.17102,3.694e-26,1.0907e-12,-1.469e-12,0,8.3082e-12,7.7647e-12,1.06e-13,1.4543e-10,8.1702e-11,1.8554e-12,0,0,0,1,3,3.0741e-12,8.4832,20.049,1.2269e-18,3.558e-17,0,1.9614e-12,1,0.001179,0.0015,0.001179,5e-06
1.5224e-08,2.5e-16,12.983,0.69464,0,0.20235,0.004674,0.043231,0.012284,2.923e-09,0.17107,3.5695e-26,1.0742e-12,-1.4652e-12,0,8.3082e-12,7.7647e-12,1.06e-13,1.4544e-10,8.1706e-11,1.8555e-12,0,0,0,1,3,3.0744e-12,8.4538,20.049,1.2269e-18,3.5583e-17,0,1.9615e-12,1,0.001182,0.0015,0.001182,5e-06
1.5225e-08,2.5e-16,12.985,0.69482,0,0.20235,0.0046663,0.043242,0.012288,2.9232e-09,0.17112,3.445e-26,1.0577e-12,-1.4613e-12,0,8.3082e-12,7.7647e-12,1.06e-13,1.4545e-10,8.1711e-11,1.8556e-12,0,0,0,1,3,3.0747e-12,8.4243,20.049,1.2269e-18,3.5587e-17,0,1.9616e-12,1,0.001185,0.0015,0.001185,5e-06
1.5228e-08,2.5e-16,12.992,0.69499,0,0.20234,0.0046586,0.043253,0.012293,2.9236e-09,0.17117,3.3325e-26,8.2253e-13,-1.3227e-12,0,8.3082e-12,7.7647e-12,1.06e-13,1.4547e-10,8.1723e-11,1.8559e-12,0,0,0,1,3,3.0756e-12,8.3949,20.049,1.2269e-18,3.5597e-17,0,1.9619e-12,1,0.001188,0.0015,0.001188,5e-06
1.523e-08,2.5e-16,13,0.69517,0,0.20234,0.0046509,0.043265,0.012297,2.924e-09,0.17122,3.22e-26,5.8738e-13,-1.1841e-12,0,8.3082e-12,7.7647e-12,1.06e-13,1.4549e-10,8.1736e-11,1.8562e-12,0,0,0,1,3,3.0765e-12,8.3655,20.049,1.2269e-18,3.5608e-17,0,1.9622e-12,1,0.001191,0.0015,0.001191,5e-06
1.5233e-08,2.5e-16,13.01,0.69534,0,0.20234,0.0046432,0.043276,0.012302,2.9245e-09,0.17127,3.7454e-26,4.7626e-13,-1.0671e-12,0,8.3082e-12,7.7647e-12,1.06e-13,1.4552e-10,8.1753e-11,1.8566e-12,0,0,0,1,3,3.0777e-12,8.336,20.049,1.2269e-18,3.5622e-17,0,1.9626e-12,1,0.001194,0.0015,0.001194,5e-06
1.5237e-08,2.5e-16,13.022,0.69552,0,0.20233,0.0046355,0.043287,0.012306,2.9252e-09,0.17131,4.9086e-26,4.8915e-13,-9.716e-13,0,8.3082e-12,7.7646e-12,1.06e-13,1.4556e-10,8.1774e-11,1.857e-12,0,0,0,1,3,3.0792e-12,8.3066,20.049,1.2269e-18,3.5639e-17,0,1.963e-12,1,0.001197,0.0015,0.001197,5e-06
1.5241e-08,2.5e-16,13.035,0.69569,0,0.20233,0.0046277,0.043298,0.012311,2.9259e-09,0.17136,6.0719e-26,5.0204e-13,-8.7615e-13,0,8.3081e-12,7.7646e-12,1.06e-13,1.456e-10,8.1795e-11,1.8575e-12,0,0,0,1,3,3.0808e-12,8.2772,20.049,1.2269e-18,3.5657e-17,0,1.9635e-12,1,0.0012,0.0015,0.0012,5e-06
1.5247e-08,2.5e-16,13.054,0.69587,0,0.20233,0.00462,0.04331,0.012315,2.9269e-09,0.17141,6.9787e-26,5.7596e-13,-9.9171e-13,0,8.3081e-12,7.7646e-12,1.06e-13,1.4565e-10,8.1826e-11,1.8582e-12,0,0,0,1,3,3.083e-12,8.2478,20.049,1.2269e-18,3.5683e-17,0,1.9642e-12,1,0.001203,0.0015,0.001203,5e-06
1.5252e-08,2.5e-16,13.072,0.69604,0,0.20232,0.0046123,0.043321,0.01232,2.9279e-09,0.17146,7.8855e-26,6.4988e-13,-1.1073e-12,0,8.3081e-12,7.7646e-12,1.06e-13,1.457e-10,8.1857e-11,1.8589e-12,0,0,0,1,3,3.0852e-12,8.2183,20.049,1.2269e-18,3.5709e-17,0,1.9649e-12,1,0.001206,0.0015,0.001206,5e-06
1.5259e-08,2.5e-16,13.093,0.69622,0,0.20232,0.0046046,0.043332,0.012324,2.9291e-09,0.17151,7.7681e-26,6.3773e-13,-1.1883e-12,0,8.3081e-12,7.7646e-12,1.06e-13,1.4577e-10,8.1892e-11,1.8597e-12,0,0,0,1,3,3.0878e-12,8.1889,20.049,1.2269e-18,3.5738e-17,0,1.9657e-12,1,0.001209,0.0015,0.001209,5e-06
1.5266e-08,2.5e-16,13.118,0.69639,0,0.20231,0.0045969,0.043343,0.012329,2.9304e-09,0.17155,6.6263e-26,5.395e-13,-1.2348e-12,0,8.3081e-12,7.7646e-12,1.06e-13,1.4584e-10,8.1932e-11,1.8606e-12,0,0,0,1,3,3.0906e-12,8.1595,20.049,1.2269e-18,3.5771e-17,0,1.9666e-12,1,0.001212,0.0015,0.001212,5e-06
1.5274e-08,2.5e-16,13.142,0.69657,0,0.20231,0.0045892,0.043355,0.012333,2.9317e-09,0.1716,5.4846e-26,4.4127e-13,-1.2813e-12,0,8.3081e-12,7.7646e-12,1.06e-13,1.4591e-10,8.1972e-11,1.8615e-12,0,0,0,1,3,3.0935e-12,8.13,20.049,1.2269e-18,3.5805e-17,0,1.9675e-12,1,0.001215,0.0015,0.001215,5e-06
1.5283e-08,2.5e-16,13.171,0.69675,0,0.20231,0.0045815,0.043366,0.012338,2.9333e-09,0.17165,5.165e-26,5.1466e-13,-1.2522e-12,0,8.3081e-12,7.7646e-12,1.06e-13,1.46e-10,8.202e-11,1.8626e-12,0,0,0,1,3,3.097e-12,8.1006,20.049,1.2269e-18,3.5845e-17,0,1.9686e-12,1,0.001218,0.0015,0.001218,5e-06
1.5292e-08,2.5e-16,13.201,0.69692,0,0.2023,0.0045737,0.043377,0.012342,2.9348e-09,0.1717,4.8454e-26,5.8806e-13,-1.223e-12,0,8.3081e-12,7.7646e-12,1.06e-13,1.4608e-10,8.2068e-11,1.8637e-12,0,0,0,1,3,3.1005e-12,8.0712,20.049,1.2269e-18,3.5886e-17,0,1.9697e-12,1,0.001221,0.0015,0.001221,5e-06
1.5301e-08,2.5e-16,13.232,0.6971,0,0.2023,0.004566,0.043388,0.012347,2.9365e-09,0.17175,5.3437e-26,6.4793e-13,-1.206e-12,0,8.3081e-12,7.7646e-12,1.06e-13,1.4617e-10,8.212e-11,1.8649e-12,0,0,0,1,3,3.1043e-12,8.0417,20.049,1.2269e-18,3.5929e-17,0,1.9709e-12,1,0.001224,0.0015,0.001224,5e-06
1.5312e-08,2.5e-16,13.266,0.69727,0,0.20229,0.0045583,0.0434,0.012351,2.9383e-09,0.17179,6.66e-26,6.9429e-13,-1.2011e-12,0,8.3081e-12,7.7646e-12,1.06e-13,1.4627e-10,8.2175e-11,1.8661e-12,0,0,0,1,3,3.1083e-12,8.0123,20.049,1.2269e-18,3.5975e-17,0,1.9721e-12,1,0.001227,0.0015,0.001227,5e-06
1.5322e-08,2.5e-16,13.3,0.69745,0,0.20229,0.0045506,0.043411,0.012356,2.9401e-09,0.17184,7.9762e-26,7.4065e-13,-1.1963e-12,0,8.3081e-12,7.7646e-12,1.06e-13,1.4637e-10,8.223e-11,1.8674e-12,0,0,0,1,3,3.1123e-12,7.9829,20.049,1.2269e-18,3.6022e-17,0,1.9734e-12,1,0.00123,0.0015,0.00123,5e-06
1.5333e-08,2.5e-16,13.337,0.69762,0,0.20229,0.0045429,0.043422,0.01236,2.9421e-09,0.17189,9.1122e-26,7.7671e-13,-1.1788e-12,0,8.3081e-12,7.7646e-12,1.06e-13,1.4648e-10,8.229e-11,1.8688e-12,0,0,0,1,3,3.1166e-12,7.9535,20.049,1.2269e-18,3.6072e-17,0,1.9748e-12,1,0.001233,0.0015,0.001233,5e-06
1.5344e-08,2.5e-16,13.375,0.6978,0,0.20228,0.0045352,0.043433,0.012365,2.9441e-09,0.17194,1.0248e-25,8.1278e-13,-1.1614e-12,0,8.3081e-12,7.7646e-12,1.06e-13,1.4658e-10,8.235e-11,1.8701e-12,0,0,0,1,3,3.121e-12,7.924,20.049,1.2269e-18,3.6123e-17,0,1.9761e-12,1,0.001236,0.0015,0.001236,5e-06
1.5356e-08,2.5e-16,13.413,0.69797,0,0.20228,0.0045275,0.043445,0.012369,2.9461e-09,0.17199,1.032e-25,8.4351e-13,-1.1483e-12,0,8.3081e-12,7.7646e-12,1.06e-13,1.4669e-10,8.2412e-11,1.8715e-12,0,0,0,1,3,3.1255e-12,7.8946,20.049,1.2269e-18,3.6175e-17,0,1.9775e-12,1,0.001239,0.0015,0.001239,5e-06
1.5368e-08,2.5e-16,13.452,0.69815,0,0.20227,0.0045197,0.043456,0.012374,2.9481e-09,0.17203,9.3284e-26,8.6889e-13,-1.1395e-12,0,8.3081e-12,7.7646e-12,1.06e-13,1.4681e-10,8.2475e-11,1.873e-12,0,0,0,1,3,3.1301e-12,7.8652,20.049,1.2269e-18,3.6228e-17,0,1.979e-12,1,0.001242,0.0015,0.001242,5e-06
1.5379e-08,2.5e-16,13.492,0.69832,0,0.20227,0.004512,0.043467,0.012378,2.9502e-09,0.17208,8.3366e-26,8.9428e-13,-1.1307e-12,0,8.3081e-12,7.7646e-12,1.06e-13,1.4692e-10,8.2538e-11,1.8744e-12,0,0,0,1,3,3.1347e-12,7.8357,20.049,1.2269e-18,3.6281e-17,0,1.9804e-12,1,0.001245,0.0015,0.001245,5e-06
1.5391e-08,2.5e-16,13.531,0.6985,0,0.20226,0.0045043,0.043478,0.012383,2.9523e-09,0.17213,8.9518e-26,9.1085e-13,-1.1277e-12,0,8.3081e-12,7.7646e-12,1.06e-13,1.4703e-10,8.2602e-11,1.8758e-12,0,0,0,1,3,3.1393e-12,7.8063,20.049,1.2269e-18,3.6334e-17,0,1.9818e-12,1,0.001248,0.0015,0.001248,5e-06
1.5403e-08,2.5e-16,13.571,0.69867,0,0.20226,0.0044966,0.04349,0.012387,2.9543e-09,0.17218,9.5671e-26,9.2743e-13,-1.1247e-12,0,8.3081e-12,7.7646e-12,1.06e-13,1.4714e-10,8.2665e-11,1.8773e-12,0,0,0,1,3,3.1439e-12,7.7769,20.049,1.2269e-18,3.6388e-17,0,1.9833e-12,1,0.001251,0.0015,0.001251,5e-06
1.5415e-08,2.5e-16,13.61,0.69885,0,0.20226,0.0044889,0.043501,0.012392,2.9564e-09,0.17223,1.065e-25,9.4008e-13,-1.123e-12,0,8.3081e-12,7.7646e-12,1.06e-13,1.4726e-10,8.2728e-11,1.8787e-12,0,0,0,1,3,3.1485e-12,7.7474,20.049,1.2269e-18,3.644e-17,0,1.9847e-12,1,0.001254,0.0015,0.001254,5e-06
1.5426e-08,2.5e-16,13.649,0.69902,0,0.20225,0.0044812,0.043512,0.012397,2.9584e-09,0.17227,1.2201e-25,9.488e-13,-1.1226e-12,0,8.3081e-12,7.7646e-12,1.06e-13,1.4737e-10,8.279e-11,1.8801e-12,0,0,0,1,3,3.1529e-12,7.718,20.049,1.2269e-18,3.6492e-17,0,1.9861e-12,1,0.001257,0.0015,0.001257,5e-06
1.5438e-08,2.5e-16,13.688,0.6992,0,0.20225,0.0044735,0.043523,0.012401,2.9604e-09,0.17232,1.3752e-25,9.5753e-13,-1.1222e-12,0,8.3081e-12,7.7645e-12,1.06e-13,1.4747e-10,8.2851e-11,1.8815e-12,0,0,0,1,3,3.1574e-12,7.6886,20.049,1.2269e-18,3.6544e-17,0,1.9875e-12,1,0.00126,0.0015,0.00126,5e-06
1.5448e-08,2.5e-16,13.724,0.69937,0,0.20225,0.0044657,0.043534,0.012406,2.9623e-09,0.17237,1.263e-25,9.567e-13,-1.1156e-12,0,8.3081e-12,7.7646e-12,1.06e-13,1.4758e-10,8.2908e-11,1.8828e-12,0,0,0,1,3,3.1616e-12,7.6592,20.049,1.2269e-18,3.6592e-17,0,1.9888e-12,1,0.001263,0.0015,0.001263,5e-06
1.5459e-08,2.5e-16,13.76,0.69955,0,0.20224,0.004458,0.043546,0.01241,2.9641e-09,0.17242,1.1508e-25,9.5587e-13,-1.109e-12,0,8.3081e-12,7.7646e-12,1.06e-13,1.4768e-10,8.2965e-11,1.8841e-12,0,0,0,1,3,3.1657e-12,7.6297,20.049,1.2269e-18,3.664e-17,0,1.9901e-12,1,0.001266,0.0015,0.001266,5e-06
1.5469e-08,2.5e-16,13.794,0.69972,0,0.20224,0.0044503,0.043557,0.012415,2.9659e-09,0.17247,1.0019e-25,9.5092e-13,-1.099e-12,0,8.3081e-12,7.7646e-12,1.06e-13,1.4777e-10,8.3019e-11,1.8853e-12,0,0,0,1,3,3.1696e-12,7.6003,20.049,1.2269e-18,3.6686e-17,0,1.9913e-12,1,0.001269,0.0015,0.001269,5e-06
1.5478e-08,2.5e-16,13.827,0.6999,0,0.20223,0.0044426,0.043568,0.012419,2.9676e-09,0.17251,8.1609e-26,9.4185e-13,-1.0856e-12,0,8.3081e-12,7.7646e-12,1.06e-13,1.4786e-10,8.307e-11,1.8865e-12,0,0,0,1,3,3.1733e-12,7.5709,20.049,1.2269e-18,3.6728e-17,0,1.9925e-12,1,0.001272,0.0015,0.001272,5e-06
1.5488e-08,2.5e-16,13.859,0.70007,0,0.20223,0.0044349,0.043579,0.012424,2.9692e-09,0.17256,6.3032e-26,9.3279e-13,-1.0721e-12,0,8.3081e-12,7.7646e-12,1.06e-13,1.4795e-10,8.312e-11,1.8876e-12,0,0,0,1,3,3.177e-12,7.5414,20.049,1.2269e-18,3.6771e-17,0,1.9936e-12,1,0.001275,0.0015,0.001275,5e-06
1.5496e-08,2.5e-16,13.886,0.70025,0,0.20223,0.0044272,0.043591,0.012428,2.9706e-09,0.17261,6.2678e-26,9.2127e-13,-1.0647e-12,0,8.3081e-12,7.7646e-12,1.06e-13,1.4803e-10,8.3163e-11,1.8886e-12,0,0,0,1,3,3.1801e-12,7.512,20.049,1.2269e-18,3.6807e-17,0,1.9946e-12,1,0.001278,0.0015,0.001278,5e-06
1.5504e-08,2.5e-16,13.913,0.70042,0,0.20222,0.0044195,0.043602,0.012433,2.972e-09,0.17266,6.2324e-26,9.0975e-13,-1.0574e-12,0,8.3081e-12,7.7646e-12,1.06e-13,1.4811e-10,8.3206e-11,1.8896e-12,0,0,0,1,3,3.1832e-12,7.4826,20.049,1.2269e-18,3.6842e-17,0,1.9955e-12,1,0.001281,0.0015,0.001281,5e-06
1.5511e-08,2.5e-16,13.937,0.7006,0,0.20222,0.0044118,0.043613,0.012437,2.9732e-09,0.17271,6.7511e-26,9.009e-13,-1.0534e-12,0,8.3081e-12,7.7645e-12,1.06e-13,1.4817e-10,8.3244e-11,1.8904e-12,0,0,0,1,3,3.1859e-12,7.4531,20.049,1.2269e-18,3.6874e-17,0,1.9964e-12,1,0.001284,0.0015,0.001284,5e-06
1.5517e-08,2.5e-16,13.958,0.70077,0,0.20221,0.0044041,0.043624,0.012442,2.9743e-09,0.17275,7.824e-26,8.9471e-13,-1.0528e-12,0,8.3081e-12,7.7645e-12,1.06e-13,1.4823e-10,8.3277e-11,1.8912e-12,0,0,0,1,3,3.1884e-12,7.4237,20.049,1.2269e-18,3.6902e-17,0,1.9972e-12,1,0.001287,0.0015,0.001287,5e-06
1.5523e-08,2.5e-16,13.979,0.70095,0,0.20221,0.0043963,0.043636,0.012446,2.9754e-09,0.1728,8.8968e-26,8.8852e-13,-1.0522e-12,0,8.3081e-12,7.7645e-12,1.06e-13,1.4829e-10,8.331e-11,1.8919e-12,0,0,0,1,3,3.1908e-12,7.3943,20.049,1.2269e-18,3.693e-17,0,1.9979e-12,1,0.00129,0.0015,0.00129,5e-06
1.5528e-08,2.5e-16,13.994,0.70112,0,0.20221,0.0043886,0.043647,0.012451,2.9762e-09,0.17285,8.367e-26,8.8976e-13,-1.0515e-12,0,8.3081e-12,7.7645e-12,1.06e-13,1.4833e-10,8.3334e-11,1.8925e-12,0,0,0,1,3,3.1925e-12,7.3649,20.049,1.2269e-18,3.695e-17,0,1.9985e-12,1,0.001293,0.0015,0.001293,5e-06
1.5532e-08,2.5e-16,14.009,0.7013,0,0.2022,0.0043809,0.043658,0.012455,2.977e-09,0.1729,7.8372e-26,8.9099e-13,-1.0507e-12,0,8.3081e-12,7.7645e-12,1.06e-13,1.4838e-10,8.3358e-11,1.893e-12,0,0,0,1,3,3.1942e-12,7.3354,20.049,1.2269e-18,3.697e-17,0,1.999e-12,1,0.001296,0.0015,0.001296,5e-06
1.5536e-08,2.5e-16,14.021,0.70147,0,0.2022,0.0043732,0.043669,0.01246,2.9776e-09,0.17295,7.3161e-26,8.9343e-13,-1.0468e-12,0,8.3081e-12,7.7645e-12,1.06e-13,1.4841e-10,8.3377e-11,1.8935e-12,0,0,0,1,3,3.1956e-12,7.306,20.049,1.2269e-18,3.6986e-17,0,1.9994e-12,1,0.001299,0.0015,0.001299,5e-06
1.5538e-08,2.5e-16,14.03,0.70165,0,0.20219,0.0043655,0.04368,0.012464,2.9781e-09,0.17299,6.8039e-26,8.9707e-13,-1.0398e-12,0,8.3081e-12,7.7645e-12,1.06e-13,1.4844e-10,8.3392e-11,1.8938e-12,0,0,0,1,3,3.1966e-12,7.2766,20.049,1.2269e-18,3.6998e-17,0,1.9998e-12,1,0.001302,0.0015,0.001302,5e-06
1.5541e-08,2.5e-16,14.039,0.70182,0,0.20219,0.0043578,0.043692,0.012469,2.9785e-09,0.17304,6.2916e-26,9.0071e-13,-1.0328e-12,0,8.3081e-12,7.7645e-12,1.06e-13,1.4846e-10,8.3406e-11,1.8941e-12,0,0,0,1,3,3.1977e-12,7.2471,20.049,1.2269e-18,3.701e-17,0,2.0001e-12,1,0.001305,0.0015,0.001305,5e-06
1.5542e-08,2.5e-16,14.042,0.702,0,0.20219,0.0043501,0.043703,0.012473,2.9787e-09,0.17309,6.6803e-26,9.0373e-13,-1.026e-12,0,8.3081e-12,7.7645e-12,1.06e-13,1.4847e-10,8.3412e-11,1.8942e-12,0,0,0,1,3,3.1981e-12,7.2177,20.049,1.2269e-18,3.7015e-17,0,2.0002e-12,1,0.001308,0.0015,0.001308,5e-06
1.5543e-08,2.5e-16,14.045,0.70217,0,0.20218,0.0043424,0.043714,0.012478,2.9789e-09,0.17314,7.069e-26,9.0675e-13,-1.0191e-12,0,8.3081e-12,7.7645e-12,1.06e-13,1.4848e-10,8.3418e-11,1.8944e-12,0,0,0,1,3,3.1985e-12,7.1883,20.049,1.2269e-18,3.7019e-17,0,2.0004e-12,1,0.001311,0.0015,0.001311,5e-06
1.5544e-08,2.5e-16,14.046,0.70235,0,0.20218,0.0043347,0.043725,0.012482,2.979e-09,0.17319,7.8551e-26,9.1084e-13,-1.0135e-12,0,8.3081e-12,7.7645e-12,1.06e-13,1.4849e-10,8.342e-11,1.8944e-12,0,0,0,1,3,3.1986e-12,7.1588,20.049,1.2269e-18,3.7021e-17,0,2.0004e-12,1,0.001314,0.0015,0.001314,5e-06
1.5543e-08,2.5e-16,14.045,0.70252,0,0.20217,0.0043269,0.043737,0.012487,2.979e-09,0.17323,9.0386e-26,9.1599e-13,-1.0091e-12,0,8.3081e-12,7.7645e-12,1.06e-13,1.4848e-10,8.3419e-11,1.8944e-12,0,0,0,1,3,3.1985e-12,7.1294,20.049,1.2269e-18,3.702e-17,0,2.0004e-12,1,0.001317,0.0015,0.001317,5e-06
1.5543e-08,2.5e-16,14.043,0.7027,0,0.20217,0.0043192,0.043748,0.012491,2.9789e-09,0.17328,1.0222e-25,9.2114e-13,-1.0048e-12,0,8.3081e-12,7.7645e-12,1.06e-13,1.4848e-10,8.3417e-11,1.8944e-12,0,0,0,1,3,3.1984e-12,7.1,20.049,1.2269e-18,3.7018e-17,0,2.0004e-12,1,0.00132,0.0015,0.00132,5e-06
1.5542e-08,2.5e-16,14.039,0.70287,0,0.20217,0.0043115,0.043759,0.012496,2.9787e-09,0.17333,1.1677e-25,9.3065e-13,-9.9921e-13,0,8.3081e-12,7.7645e-12,1.06e-13,1.4847e-10,8.3411e-11,1.8942e-12,0,0,0,1,3,3.1979e-12,7.0706,20.049,1.2269e-18,3.7012e-17,0,2.0002e-12,1,0.001323,0.0015,0.001323,5e-06
1.5541e-08,2.5e-16,14.034,0.70305,0,0.20216,0.0043038,0.04377,0.0125,2.9785e-09,0.17338,1.3131e-25,9.4017e-13,-9.9364e-13,0,8.3081e-12,7.7645e-12,1.06e-13,1.4846e-10,8.3404e-11,1.8941e-12,0,0,0,1,3,3.1974e-12,7.0411,20.049,1.2269e-18,3.7007e-17,0,2.0001e-12,1,0.001326,0.0015,0.001326,5e-06
1.5539e-08,2.5e-16,14.028,0.70322,0,0.20216,0.0042961,0.043781,0.012505,2.9782e-09,0.17343,1.4345e-25,9.49e-13,-9.8712e-13,0,8.3081e-12,7.7646e-12,1.06e-13,1.4845e-10,8.3396e-11,1.8939e-12,0,0,0,1,3,3.1968e-12,7.0117,20.049,1.2269e-18,3.7e-17,0,1.9999e-12,1,0.001329,0.0015,0.001329,5e-06
1.5537e-08,2.5e-16,14.021,0.7034,0,0.20215,0.0042884,0.043793,0.012509,2.9779e-09,0.17347,1.5318e-25,9.5714e-13,-9.7965e-13,0,8.3081e-12,7.7646e-12,1.06e-13,1.4843e-10,8.3387e-11,1.8937e-12,0,0,0,1,3,3.196e-12,6.9823,20.049,1.2269e-18,3.6991e-17,0,1.9997e-12,1,0.001332,0.0015,0.001332,5e-06
1.5536e-08,2.5e-16,14.015,0.70357,0,0.20215,0.0042807,0.043804,0.012514,2.9776e-09,0.17352,1.6291e-25,9.6529e-13,-9.7218e-13,0,8.3081e-12,7.7646e-12,1.06e-13,1.4841e-10,8.3377e-11,1.8935e-12,0,0,0,1,3,3.1953e-12,6.9528,20.049,1.2269e-18,3.6983e-17,0,1.9995e-12,1,0.001335,0.0015,0.001335,5e-06
1.5534e-08,2.5e-16,14.008,0.70375,0,0.20215,0.004273,0.043815,0.012518,2.9773e-09,0.17357,1.8852e-25,9.6314e-13,-9.6861e-13,0,8.3081e-12,7.7646e-12,1.06e-13,1.4839e-10,8.3368e-11,1.8932e-12,0,0,0,1,3,3.1946e-12,6.9234,20.049,1.2269e-18,3.6975e-17,0,1.9992e-12,1,0.001338,0.0015,0.001338,5e-06
1.5532e-08,2.5e-16,14.001,0.70392,0,0.20214,0.0042653,0.043826,0.012523,2.977e-09,0.17362,2.1413e-25,9.6099e-13,-9.6505e-13,0,8.3081e-12,7.7646e-12,1.06e-13,1.4838e-10,8.3358e-11,1.893e-12,0,0,0,1,3,3.1939e-12,6.894,20.049,1.2269e-18,3.6966e-17,0,1.999e-12,1,0.001341,0.0015,0.001341,5e-06
1.553e-08,2.5e-16,13.995,0.7041,0,0.20214,0.0042575,0.043838,0.012527,2.9767e-09,0.17367,2.2363e-25,9.542e-13,-9.6271e-13,0,8.3081e-12,7.7646e-12,1.06e-13,1.4836e-10,8.3349e-11,1.8928e-12,0,0,0,1,3,3.1932e-12,6.8645,20.049,1.2269e-18,3.6959e-17,0,1.9988e-12,1,0.001344,0.0015,0.001344,5e-06
1.5529e-08,2.5e-16,13.99,0.70427,0,0.20213,0.0042498,0.043849,0.012532,2.9765e-09,0.17371,2.1702e-25,9.4278e-13,-9.6159e-13,0,8.3081e-12,7.7646e-12,1.06e-13,1.4835e-10,8.3342e-11,1.8927e-12,0,0,0,1,3,3.1927e-12,6.8351,20.049,1.2269e-18,3.6952e-17,0,1.9987e-12,1,0.001347,0.0015,0.001347,5e-06
1.5528e-08,2.5e-16,13.984,0.70445,0,0.20213,0.0042421,0.04386,0.012536,2.9762e-09,0.17376,2.1042e-25,9.3136e-13,-9.6046e-13,0,8.3081e-12,7.7646e-12,1.06e-13,1.4834e-10,8.3335e-11,1.8925e-12,0,0,0,1,3,3.1921e-12,6.8057,20.049,1.2269e-18,3.6946e-17,0,1.9985e-12,1,0.00135,0.0015,0.00135,5e-06
1.5527e-08,2.5e-16,13.982,0.70462,0,0.20213,0.0042344,0.043871,0.012541,2.9761e-09,0.17381,2.0054e-25,9.2052e-13,-9.5441e-13,0,8.3081e-12,7.7646e-12,1.06e-13,1.4833e-10,8.3333e-11,1.8924e-12,0,0,0,1,3,3.1919e-12,6.7763,20.049,1.2269e-18,3.6944e-17,0,1.9984e-12,1,0.001353,0.0015,0.001353,5e-06
1.5527e-08,2.5e-16,13.98,0.7048,0,0.20212,0.0042267,0.043882,0.012545,2.9761e-09,0.17386,1.9067e-25,9.0968e-13,-9.4835e-13,0,8.3081e-12,7.7646e-12,1.06e-13,1.4833e-10,8.333e-11,1.8924e-12,0,0,0,1,3,3.1917e-12,6.7468,20.049,1.2269e-18,3.6941e-17,0,1.9984e-12,1,0.001356,0.0015,0.001356,5e-06
1.5527e-08,2.5e-16,13.981,0.70497,0,0.20212,0.004219,0.043894,0.01255,2.9761e-09,0.17391,1.9287e-25,9.028e-13,-9.4033e-13,0,8.3081e-12,7.7645e-12,1.06e-13,1.4833e-10,8.3332e-11,1.8924e-12,0,0,0,1,3,3.1918e-12,6.7174,20.049,1.2269e-18,3.6942e-17,0,1.9984e-12,1,0.001359,0.0015,0.001359,5e-06
1.5528e-08,2.5e-16,13.983,0.70514,0,0.20211,0.0042113,0.043905,0.012554,2.9763e-09,0.17395,2.0715e-25,8.9988e-13,-9.3037e-13,0,8.3081e-12,7.7645e-12,1.06e-13,1.4834e-10,8.3337e-11,1.8925e-12,0,0,0,1,3,3.1922e-12,6.688,20.049,1.2269e-18,3.6946e-17,0,1.9985e-12,1,0.001362,0.0015,0.001362,5e-06
1.5529e-08,2.5e-16,13.986,0.70532,0,0.20211,0.0042036,0.043916,0.012559,2.9765e-09,0.174,2.2143e-25,8.9696e-13,-9.204e-13,0,8.3081e-12,7.7645e-12,1.06e-13,1.4835e-10,8.3342e-11,1.8927e-12,0,0,0,1,3,3.1925e-12,6.6585,20.049,1.2269e-18,3.695e-17,0,1.9986e-12,1,0.001365,0.0015,0.001365,5e-06
1.5532e-08,2.5e-16,13.995,0.70549,0,0.20211,0.0041959,0.043927,0.012563,2.9769e-09,0.17405,1.8672e-25,9.0032e-13,-9.1529e-13,0,8.3081e-12,7.7645e-12,1.06e-13,1.4837e-10,8.3356e-11,1.893e-12,0,0,0,1,3,3.1935e-12,6.6291,20.049,1.2269e-18,3.6962e-17,0,1.999e-12,1,0.001368,0.0015,0.001368,5e-06
1.5534e-08,2.5e-16,14.003,0.70567,0,0.2021,0.0041882,0.043939,0.012568,2.9774e-09,0.1741,1.5202e-25,9.0367e-13,-9.1019e-13,0,8.3081e-12,7.7645e-12,1.06e-13,1.484e-10,8.337e-11,1.8933e-12,0,0,0,1,3,3.1945e-12,6.5997,20.049,1.2269e-18,3.6974e-17,0,1.9993e-12,1,0.001371,0.0015,0.001371,5e-06
1.5538e-08,2.5e-16,14.015,0.70584,0,0.2021,0.0041805,0.04395,0.012572,2.978e-09,0.17414,1.2909e-25,9.0707e-13,-9.0806e-13,0,8.3081e-12,7.7645e-12,1.06e-13,1.4843e-10,8.339e-11,1.8937e-12,0,0,0,1,3,3.1959e-12,6.5702,20.049,1.2269e-18,3.699e-17,0,1.9997e-12,1,0.001374,0.0015,0.001374,5e-06
1.5543e-08,2.5e-16,14.031,0.70602,0,0.2021,0.0041728,0.043961,0.012577,2.9788e-09,0.17419,1.1795e-25,9.1053e-13,-9.0891e-13,0,8.3081e-12,7.7645e-12,1.06e-13,1.4848e-10,8.3414e-11,1.8943e-12,0,0,0,1,3,3.1977e-12,6.5408,20.049,1.2269e-18,3.701e-17,0,2.0003e-12,1,0.001377,0.0015,0.001377,5e-06
1.5547e-08,2.5e-16,14.046,0.70619,0,0.20209,0.004165,0.043972,0.012581,2.9796e-09,0.17424,1.068e-25,9.1398e-13,-9.0976e-13,0,8.3081e-12,7.7645e-12,1.06e-13,1.4852e-10,8.3439e-11,1.8948e-12,0,0,0,1,3,3.1994e-12,6.5114,20.049,1.2269e-18,3.7031e-17,0,2.0008e-12,1,0.00138,0.0015,0.00138,5e-06
1.5554e-08,2.5e-16,14.068,0.70637,0,0.20209,0.0041573,0.043983,0.012586,2.9808e-09,0.17429,1.2371e-25,9.1308e-13,-9.0694e-13,0,8.3081e-12,7.7645e-12,1.06e-13,1.4858e-10,8.3474e-11,1.8956e-12,0,0,0,1,3,3.202e-12,6.482,20.049,1.2269e-18,3.706e-17,0,2.0016e-12,1,0.001383,0.0015,0.001383,5e-06
1.556e-08,2.5e-16,14.091,0.70654,0,0.20208,0.0041496,0.043995,0.01259,2.9819e-09,0.17434,1.4061e-25,9.1218e-13,-9.0413e-13,0,8.3081e-12,7.7645e-12,1.06e-13,1.4865e-10,8.3509e-11,1.8964e-12,0,0,0,1,3,3.2045e-12,6.4525,20.049,1.2269e-18,3.7089e-17,0,2.0024e-12,1,0.001386,0.0015,0.001386,5e-06
1.5568e-08,2.5e-16,14.116,0.70672,0,0.20208,0.0041419,0.044006,0.012595,2.9832e-09,0.17438,1.3879e-25,9.0944e-13,-8.9805e-13,0,8.3081e-12,7.7646e-12,1.06e-13,1.4872e-10,8.3549e-11,1.8973e-12,0,0,0,1,3,3.2074e-12,6.4231,20.049,1.2269e-18,3.7123e-17,0,2.0033e-12,1,0.001389,0.0015,0.001389,5e-06
1.5576e-08,2.5e-16,14.145,0.70689,0,0.20208,0.0041342,0.044017,0.012599,2.9847e-09,0.17443,1.1825e-25,9.0486e-13,-8.8872e-13,0,8.3081e-12,7.7646e-12,1.06e-13,1.488e-10,8.3594e-11,1.8984e-12,0,0,0,1,3,3.2107e-12,6.3937,20.049,1.2269e-18,3.7161e-17,0,2.0044e-12,1,0.001392,0.0015,0.001392,5e-06
1.5584e-08,2.5e-16,14.174,0.70707,0,0.20207,0.0041265,0.044028,0.012604,2.9861e-09,0.17448,9.7701e-26,9.0028e-13,-8.7939e-13,0,8.3081e-12,7.7646e-12,1.06e-13,1.4888e-10,8.3639e-11,1.8994e-12,0,0,0,1,3,3.214e-12,6.3642,20.049,1.2269e-18,3.7199e-17,0,2.0054e-12,1,0.001395,0.0015,0.001395,5e-06
1.5594e-08,2.5e-16,14.209,0.70724,0,0.20207,0.0041188,0.044039,0.012608,2.9879e-09,0.17453,8.5302e-26,8.9697e-13,-8.7284e-13,0,8.3081e-12,7.7646e-12,1.06e-13,1.4897e-10,8.3692e-11,1.9006e-12,0,0,0,1,3,3.2179e-12,6.3348,20.049,1.2269e-18,3.7244e-17,0,2.0066e-12,1,0.001398,0.0015,0.001398,5e-06
1.5604e-08,2.5e-16,14.244,0.70742,0,0.20206,0.0041111,0.044051,0.012613,2.9897e-09,0.17458,7.2904e-26,8.9366e-13,-8.663e-13,0,8.3081e-12,7.7646e-12,1.06e-13,1.4907e-10,8.3746e-11,1.9018e-12,0,0,0,1,3,3.2218e-12,6.3054,20.049,1.2269e-18,3.7289e-17,0,2.0078e-12,1,0.001401,0.0015,0.001401,5e-06
1.5615e-08,2.5e-16,14.281,0.70759,0,0.20206,0.0041034,0.044062,0.012617,2.9915e-09,0.17462,7.2231e-26,8.9224e-13,-8.6157e-13,0,8.3081e-12,7.7646e-12,1.06e-13,1.4917e-10,8.3803e-11,1.9031e-12,0,0,0,1,3,3.2259e-12,6.2759,20.049,1.2269e-18,3.7337e-17,0,2.0091e-12,1,0.001404,0.0015,0.001404,5e-06
1.5626e-08,2.5e-16,14.32,0.70777,0,0.20206,0.0040957,0.044073,0.012622,2.9935e-09,0.17467,8.3284e-26,8.927e-13,-8.5867e-13,0,8.3081e-12,7.7646e-12,1.06e-13,1.4928e-10,8.3863e-11,1.9045e-12,0,0,0,1,3,3.2303e-12,6.2465,20.049,1.2269e-18,3.7388e-17,0,2.0105e-12,1,0.001407,0.0015,0.001407,5e-06
1.5637e-08,2.5e-16,14.359,0.70794,0,0.20205,0.004088,0.044084,0.012626,2.9954e-09,0.17472,9.4337e-26,8.9317e-13,-8.5576e-13,0,8.3081e-12,7.7646e-12,1.06e-13,1.4938e-10,8.3923e-11,1.9059e-12,0,0,0,1,3,3.2347e-12,6.2171,20.049,1.2269e-18,3.7439e-17,0,2.0119e-12,1,0.00141,0.0015,0.00141,5e-06
1.5649e-08,2.5e-16,14.402,0.70811,0,0.20205,0.0040803,0.044095,0.012631,2.9975e-09,0.17477,9.5516e-26,8.9535e-13,-8.5074e-13,0,8.3081e-12,7.7646e-12,1.06e-13,1.495e-10,8.3988e-11,1.9073e-12,0,0,0,1,3,3.2394e-12,6.1877,20.049,1.2269e-18,3.7493e-17,0,2.0133e-12,1,0.001413,0.0015,0.001413,5e-06
1.5661e-08,2.5e-16,14.444,0.70829,0,0.20204,0.0040726,0.044107,0.012635,2.9996e-09,0.17482,9.6695e-26,8.9754e-13,-8.4573e-13,0,8.3081e-12,7.7646e-12,1.06e-13,1.4961e-10,8.4052e-11,1.9088e-12,0,0,0,1,3,3.244e-12,6.1582,20.049,1.2269e-18,3.7547e-17,0,2.0148e-12,1,0.001416,0.0015,0.001416,5e-06
1.5673e-08,2.5e-16,14.486,0.70846,0,0.20204,0.0040649,0.044118,0.01264,3.0017e-09,0.17486,1.0406e-25,8.9793e-13,-8.4045e-13,0,8.3081e-12,7.7646e-12,1.06e-13,1.4973e-10,8.4116e-11,1.9102e-12,0,0,0,1,3,3.2488e-12,6.1288,20.049,1.2269e-18,3.7601e-17,0,2.0162e-12,1,0.001419,0.0015,0.001419,5e-06
1.5686e-08,2.5e-16,14.529,0.70864,0,0.20204,0.0040571,0.044129,0.012644,3.0039e-09,0.17491,1.1762e-25,8.9652e-13,-8.3492e-13,0,8.3081e-12,7.7646e-12,1.06e-13,1.4984e-10,8.4181e-11,1.9117e-12,0,0,0,1,3,3.2535e-12,6.0994,20.049,1.2269e-18,3.7656e-17,0,2.0177e-12,1,0.001422,0.0015,0.001422,5e-06
1.5698e-08,2.5e-16,14.573,0.70881,0,0.20203,0.0040494,0.04414,0.012649,3.006e-09,0.17496,1.3118e-25,8.9512e-13,-8.2938e-13,0,8.3081e-12,7.7645e-12,1.06e-13,1.4996e-10,8.4246e-11,1.9132e-12,0,0,0,1,3,3.2582e-12,6.0699,20.049,1.2269e-18,3.7711e-17,0,2.0192e-12,1,0.001425,0.0015,0.001425,5e-06
1.5709e-08,2.5e-16,14.614,0.70899,0,0.20203,0.0040417,0.044152,0.012653,3.0081e-09,0.17501,1.3814e-25,8.898e-13,-8.2727e-13,0,8.3081e-12,7.7645e-12,1.06e-13,1.5007e-10,8.4309e-11,1.9146e-12,0,0,0,1,3,3.2628e-12,6.0405,20.049,1.2269e-18,3.7764e-17,0,2.0206e-12,1,0.001428,0.0015,0.001428,5e-06
1.5721e-08,2.5e-16,14.656,0.70916,0,0.20202,0.004034,0.044163,0.012658,3.0101e-09,0.17506,1.4511e-25,8.8449e-13,-8.2516e-13,0,8.3081e-12,7.7645e-12,1.06e-13,1.5018e-10,8.4372e-11,1.916e-12,0,0,0,1,3,3.2674e-12,6.0111,20.049,1.2269e-18,3.7817e-17,0,2.022e-12,1,0.001431,0.0015,0.001431,5e-06
1.5732e-08,2.5e-16,14.696,0.70934,0,0.20202,0.0040263,0.044174,0.012662,3.0121e-09,0.1751,1.5092e-25,8.7982e-13,-8.2217e-13,0,8.3081e-12,7.7646e-12,1.06e-13,1.5029e-10,8.4433e-11,1.9174e-12,0,0,0,1,3,3.2718e-12,5.9816,20.049,1.2269e-18,3.7868e-17,0,2.0234e-12,1,0.001434,0.0015,0.001434,5e-06
1.5743e-08,2.5e-16,14.735,0.70951,0,0.20202,0.0040186,0.044185,0.012667,3.014e-09,0.17515,1.5558e-25,8.758e-13,-8.1832e-13,0,8.3081e-12,7.7646e-12,1.06e-13,1.5039e-10,8.449e-11,1.9187e-12,0,0,0,1,3,3.276e-12,5.9522,20.049,1.2269e-18,3.7917e-17,0,2.0247e-12,1,0.001437,0.0015,0.001437,5e-06
1.5754e-08,2.5e-16,14.774,0.70969,0,0.20201,0.0040109,0.044196,0.012671,3.0159e-09,0.1752,1.6023e-25,8.7178e-13,-8.1448e-13,0,8.3081e-12,7.7646e-12,1.06e-13,1.505e-10,8.4548e-11,1.92e-12,0,0,0,1,3,3.2803e-12,5.9228,20.049,1.2269e-18,3.7966e-17,0,2.026e-12,1,0.00144,0.0015,0.00144,5e-06
1.5763e-08,2.5e-16,14.807,0.70986,0,0.20201,0.0040032,0.044208,0.012676,3.0175e-09,0.17525,1.7584e-25,8.7257e-13,-8.0459e-13,0,8.3081e-12,7.7646e-12,1.06e-13,1.5059e-10,8.4598e-11,1.9212e-12,0,0,0,1,3,3.2839e-12,5.8934,20.049,1.2269e-18,3.8008e-17,0,2.0272e-12,1,0.001443,0.0015,0.001443,5e-06
1.5773e-08,2.5e-16,14.841,0.71004,0,0.202,0.0039955,0.044219,0.01268,3.0191e-09,0.1753,1.9144e-25,8.7337e-13,-7.947e-13,0,8.3081e-12,7.7646e-12,1.06e-13,1.5067e-10,8.4649e-11,1.9223e-12,0,0,0,1,3,3.2876e-12,5.8639,20.049,1.2269e-18,3.8051e-17,0,2.0283e-12,1,0.001446,0.0015,0.001446,5e-06
1.5781e-08,2.5e-16,14.871,0.71021,0,0.202,0.0039878,0.04423,0.012685,3.0206e-09,0.17534,1.8912e-25,8.7503e-13,-7.8591e-13,0,8.3081e-12,7.7646e-12,1.06e-13,1.5076e-10,8.4694e-11,1.9234e-12,0,0,0,1,3,3.2909e-12,5.8345,20.049,1.2269e-18,3.8089e-17,0,2.0294e-12,1,0.001449,0.0015,0.001449,5e-06
1.5789e-08,2.5e-16,14.899,0.71038,0,0.202,0.0039801,0.044241,0.012689,3.022e-09,0.17539,1.6888e-25,8.7755e-13,-7.7822e-13,0,8.3081e-12,7.7646e-12,1.06e-13,1.5083e-10,8.4735e-11,1.9243e-12,0,0,0,1,3,3.2939e-12,5.8051,20.049,1.2269e-18,3.8124e-17,0,2.0303e-12,1,0.001452,0.0015,0.001452,5e-06
1.5796e-08,2.5e-16,14.926,0.71056,0,0.20199,0.0039724,0.044252,0.012694,3.0233e-09,0.17544,1.4864e-25,8.8008e-13,-7.7053e-13,0,8.3081e-12,7.7645e-12,1.06e-13,1.509e-10,8.4776e-11,1.9252e-12,0,0,0,1,3,3.2968e-12,5.7756,20.049,1.2269e-18,3.8158e-17,0,2.0312e-12,1,0.001455,0.0015,0.001455,5e-06
1.5802e-08,2.5e-16,14.946,0.71073,0,0.20199,0.0039647,0.044264,0.012698,3.0243e-09,0.17549,1.436e-25,8.7847e-13,-7.6907e-13,0,8.3081e-12,7.7645e-12,1.06e-13,1.5095e-10,8.4806e-11,1.9259e-12,0,0,0,1,3,3.2991e-12,5.7462,20.049,1.2269e-18,3.8183e-17,0,2.0319e-12,1,0.001458,0.0015,0.001458,5e-06
1.5808e-08,2.5e-16,14.966,0.71091,0,0.20199,0.003957,0.044275,0.012703,3.0253e-09,0.17553,1.3855e-25,8.7686e-13,-7.6761e-13,0,8.3081e-12,7.7645e-12,1.06e-13,1.5101e-10,8.4836e-11,1.9266e-12,0,0,0,1,3,3.3013e-12,5.7168,20.049,1.2269e-18,3.8209e-17,0,2.0326e-12,1,0.001461,0.0015,0.001461,5e-06
1.5812e-08,2.5e-16,14.983,0.71108,0,0.20198,0.0039493,0.044286,0.012707,3.0261e-09,0.17558,1.3135e-25,8.7328e-13,-7.6412e-13,0,8.3081e-12,7.7645e-12,1.06e-13,1.5105e-10,8.4861e-11,1.9272e-12,0,0,0,1,3,3.3031e-12,5.6873,20.049,1.2269e-18,3.823e-17,0,2.0332e-12,1,0.001464,0.0015,0.001464,5e-06
1.5816e-08,2.5e-16,14.996,0.71126,0,0.20198,0.0039416,0.044297,0.012712,3.0267e-09,0.17563,1.2198e-25,8.6773e-13,-7.5861e-13,0,8.3081e-12,7.7645e-12,1.06e-13,1.5109e-10,8.4881e-11,1.9276e-12,0,0,0,1,3,3.3045e-12,5.6579,20.049,1.2269e-18,3.8246e-17,0,2.0336e-12,1,0.001467,0.0015,0.001467,5e-06
1.582e-08,2.5e-16,15.009,0.71143,0,0.20197,0.0039339,0.044308,0.012716,3.0274e-09,0.17568,1.1262e-25,8.6217e-13,-7.5309e-13,0,8.3081e-12,7.7645e-12,1.06e-13,1.5112e-10,8.4901e-11,1.9281e-12,0,0,0,1,3,3.3059e-12,5.6285,20.049,1.2269e-18,3.8263e-17,0,2.034e-12,1,0.00147,0.0015,0.00147,5e-06
1.5821e-08,2.5e-16,15.015,0.71161,0,0.20197,0.0039262,0.04432,0.012721,3.0277e-09,0.17573,1.0573e-25,8.607e-13,-7.4299e-13,0,8.3081e-12,7.7645e-12,1.06e-13,1.5114e-10,8.491e-11,1.9283e-12,0,0,0,1,3,3.3066e-12,5.5991,20.049,1.2269e-18,3.8271e-17,0,2.0343e-12,1,0.001473,0.0015,0.001473,5e-06
1.5823e-08,2.5e-16,15.021,0.71178,0,0.20197,0.0039185,0.044331,0.012725,3.028e-09,0.17577,9.8839e-26,8.5923e-13,-7.329e-13,0,8.3081e-12,7.7645e-12,1.06e-13,1.5116e-10,8.492e-11,1.9285e-12,0,0,0,1,3,3.3073e-12,5.5696,20.049,1.2269e-18,3.8279e-17,0,2.0345e-12,1,0.001476,0.0015,0.001476,5e-06
1.5824e-08,2.5e-16,15.024,0.71196,0,0.20196,0.0039108,0.044342,0.01273,3.0282e-09,0.17582,1.0246e-25,8.6328e-13,-7.2589e-13,0,8.3081e-12,7.7646e-12,1.06e-13,1.5117e-10,8.4926e-11,1.9286e-12,0,0,0,1,3,3.3077e-12,5.5402,20.049,1.2269e-18,3.8283e-17,0,2.0346e-12,1,0.001479,0.0015,0.001479,5e-06
1.5824e-08,2.5e-16,15.024,0.71213,0,0.20196,0.0039031,0.044353,0.012734,3.0282e-09,0.17587,1.166e-25,8.7286e-13,-7.2199e-13,0,8.3081e-12,7.7646e-12,1.06e-13,1.5117e-10,8.4927e-11,1.9286e-12,0,0,0,1,3,3.3077e-12,5.5108,20.049,1.2269e-18,3.8284e-17,0,2.0346e-12,1,0.001482,0.0015,0.001482,5e-06
1.5825e-08,2.5e-16,15.025,0.7123,0,0.20195,0.0038953,0.044364,0.012739,3.0283e-09,0.17592,1.3073e-25,8.8244e-13,-7.1808e-13,0,8.3081e-12,7.7646e-12,1.06e-13,1.5117e-10,8.4928e-11,1.9287e-12,0,0,0,1,3,3.3078e-12,5.4813,20.049,1.2269e-18,3.8285e-17,0,2.0347e-12,1,0.001485,0.0015,0.001485,5e-06
1.5824e-08,2.5e-16,15.021,0.71248,0,0.20195,0.0038876,0.044376,0.012743,3.0281e-09,0.17597,1.2733e-25,8.9823e-13,-7.1653e-13,0,8.3081e-12,7.7646e-12,1.06e-13,1.5116e-10,8.4924e-11,1.9286e-12,0,0,0,1,3,3.3074e-12,5.4519,20.049,1.2269e-18,3.828e-17,0,2.0346e-12,1,0.001488,0.0015,0.001488,5e-06
1.5823e-08,2.5e-16,15.017,0.71265,0,0.20195,0.0038799,0.044387,0.012748,3.028e-09,0.17601,1.2392e-25,9.1402e-13,-7.1497e-13,0,8.3081e-12,7.7646e-12,1.06e-13,1.5116e-10,8.4919e-11,1.9285e-12,0,0,0,1,3,3.3071e-12,5.4225,20.049,1.2269e-18,3.8276e-17,0,2.0345e-12,1,0.001491,0.0015,0.001491,5e-06
1.5822e-08,2.5e-16,15.012,0.71283,0,0.20194,0.0038722,0.044398,0.012752,3.0278e-09,0.17606,1.3509e-25,9.266e-13,-7.1009e-13,0,8.3081e-12,7.7646e-12,1.06e-13,1.5114e-10,8.4913e-11,1.9283e-12,0,0,0,1,3,3.3066e-12,5.393,20.049,1.2269e-18,3.8271e-17,0,2.0343e-12,1,0.001494,0.0015,0.001494,5e-06
1.582e-08,2.5e-16,15.006,0.713,0,0.20194,0.0038645,0.044409,0.012757,3.0275e-09,0.17611,1.6082e-25,9.3597e-13,-7.0189e-13,0,8.3081e-12,7.7646e-12,1.06e-13,1.5113e-10,8.4905e-11,1.9281e-12,0,0,0,1,3,3.306e-12,5.3636,20.049,1.2269e-18,3.8264e-17,0,2.0341e-12,1,0.001497,0.0015,0.001497,5e-06
1.5819e-08,2.5e-16,15,0.71318,0,0.20193,0.0038568,0.04442,0.012761,3.0273e-09,0.17616,1.8656e-25,9.4535e-13,-6.9369e-13,0,8.3081e-12,7.7645e-12,1.06e-13,1.5112e-10,8.4897e-11,1.928e-12,0,0,0,1,3,3.3054e-12,5.3342,20.049,1.2269e-18,3.8257e-17,0,2.034e-12,1,0.0015,0.0015,0.0015,5e-06
1.5817e-08,2.5e-16,14.994,0.71335,0,0.20193,0.0038491,0.044432,0.012766,3.027e-09,0.17621,2.2292e-25,9.3977e-13,-6.8702e-13,0,8.3081e-12,7.7645e-12,1.06e-13,1.511e-10,8.489e-11,1.9278e-12,0,0,0,1,3,3.3048e-12,5.3048,20.049,1.2269e-18,3.825e-17,0,2.0338e-12,1,0.001503,0.0015,0.001503,5e-06
1.5816e-08,2.5e-16,14.988,0.71352,0,0.20193,0.0038414,0.044443,0.01277,3.0268e-09,0.17625,2.5928e-25,9.3419e-13,-6.8034e-13,0,8.3081e-12,7.7645e-12,1.06e-13,1.5109e-10,8.4882e-11,1.9276e-12,0,0,0,1,3,3.3042e-12,5.2753,20.049,1.2269e-18,3.8243e-17,0,2.0336e-12,1,0.001506,0.0015,0.001506,5e-06
1.5815e-08,2.5e-16,14.984,0.7137,0,0.20192,0.0038337,0.044454,0.012775,3.0266e-09,0.1763,2.6615e-25,9.2257e-13,-6.7705e-13,0,8.3081e-12,7.7645e-12,1.06e-13,1.5108e-10,8.4876e-11,1.9275e-12,0,0,0,1,3,3.3037e-12,5.2459,20.049,1.2269e-18,3.8238e-17,0,2.0335e-12,1,0.001509,0.0015,0.001509,5e-06
1.5814e-08,2.5e-16,14.98,0.71387,0,0.20192,0.003826,0.044465,0.012779,3.0264e-09,0.17635,2.4353e-25,9.049e-13,-6.7714e-13,0,8.3081e-12,7.7645e-12,1.06e-13,1.5107e-10,8.4872e-11,1.9274e-12,0,0,0,1,3,3.3034e-12,5.2165,20.049,1.2269e-18,3.8234e-17,0,2.0334e-12,1,0.001512,0.0015,0.001512,5e-06
1.5813e-08,2.5e-16,14.977,0.71405,0,0.20191,0.0038183,0.044476,0.012784,3.0263e-09,0.1764,2.2092e-25,8.8724e-13,-6.7724e-13,0,8.3081e-12,7.7645e-12,1.06e-13,1.5107e-10,8.4868e-11,1.9273e-12,0,0,0,1,3,3.3031e-12,5.187,20.049,1.2269e-18,3.823e-17,0,2.0333e-12,1,0.001515,0.0015,0.001515,5e-06
1.5814e-08,2.5e-16,14.978,0.71422,0,0.20191,0.0038106,0.044488,0.012788,3.0264e-09,0.17644,2.0684e-25,8.6466e-13,-6.6863e-13,0,8.3081e-12,7.7646e-12,1.06e-13,1.5107e-10,8.4871e-11,1.9274e-12,0,0,0,1,3,3.3033e-12,5.1576,20.049,1.2269e-18,3.8232e-17,0,2.0334e-12,1,0.001518,0.0015,0.001518,5e-06
1.5814e-08,2.5e-16,14.979,0.7144,0,0.20191,0.0038029,0.044499,0.012793,3.0265e-09,0.17649,1.9276e-25,8.4208e-13,-6.6002e-13,0,8.3081e-12,7.7646e-12,1.06e-13,1.5107e-10,8.4873e-11,1.9274e-12,0,0,0,1,3,3.3034e-12,5.1282,20.049,1.2269e-18,3.8234e-17,0,2.0334e-12,1,0.001521,0.0015,0.001521,5e-06
1.5816e-08,2.5e-16,14.983,0.71457,0,0.2019,0.0037952,0.04451,0.012797,3.0267e-09,0.17654,1.9229e-25,8.213e-13,-6.4696e-13,0,8.3081e-12,7.7646e-12,1.06e-13,1.5109e-10,8.4881e-11,1.9276e-12,0,0,0,1,3,3.3039e-12,5.0987,20.049,1.2269e-18,3.824e-17,0,2.0336e-12,1,0.001524,0.0015,0.001524,5e-06
1.5818e-08,2.5e-16,14.991,0.71475,0,0.2019,0.0037875,0.044521,0.012802,3.0271e-09,0.17659,2.0543e-25,8.0233e-13,-6.2944e-13,0,8.3081e-12,7.7646e-12,1.06e-13,1.5111e-10,8.4892e-11,1.9279e-12,0,0,0,1,3,3.3048e-12,5.0693,20.049,1.2269e-18,3.8249e-17,0,2.0339e-12,1,0.001527,0.0015,0.001527,5e-06
1.582e-08,2.5e-16,14.998,0.71492,0,0.20189,0.0037798,0.044532,0.012806,3.0275e-09,0.17664,2.1858e-25,7.8335e-13,-6.1192e-13,0,8.3081e-12,7.7646e-12,1.06e-13,1.5113e-10,8.4904e-11,1.9281e-12,0,0,0,1,3,3.3056e-12,5.0399,20.049,1.2269e-18,3.8259e-17,0,2.0341e-12,1,0.00153,0.0015,0.00153,5e-06
1.5824e-08,2.5e-16,15.013,0.71509,0,0.20189,0.0037721,0.044544,0.012811,3.0282e-09,0.17668,1.8298e-25,7.7368e-13,-6.0769e-13,0,8.3081e-12,7.7646e-12,1.06e-13,1.5117e-10,8.4927e-11,1.9286e-12,0,0,0,1,3,3.3072e-12,5.0105,20.049,1.2269e-18,3.8278e-17,0,2.0346e-12,1,0.001533,0.0015,0.001533,5e-06
1.5829e-08,2.5e-16,15.028,0.71527,0,0.20189,0.0037644,0.044555,0.012815,3.029e-09,0.17673,1.4739e-25,7.64e-13,-6.0345e-13,0,8.3081e-12,7.7646e-12,1.06e-13,1.5121e-10,8.495e-11,1.9292e-12,0,0,0,1,3,3.3089e-12,4.981,20.049,1.2269e-18,3.8297e-17,0,2.0352e-12,1,0.001536,0.0015,0.001536,5e-06
1.5834e-08,2.5e-16,15.047,0.71544,0,0.20188,0.0037567,0.044566,0.01282,3.0299e-09,0.17678,1.1344e-25,7.5949e-13,-6.042e-13,0,8.3081e-12,7.7646e-12,1.06e-13,1.5126e-10,8.4978e-11,1.9298e-12,0,0,0,1,3,3.3109e-12,4.9516,20.049,1.2269e-18,3.8321e-17,0,2.0358e-12,1,0.001539,0.0015,0.001539,5e-06
1.584e-08,2.5e-16,15.07,0.71562,0,0.20188,0.003749,0.044577,0.012824,3.031e-09,0.17683,8.1142e-26,7.6015e-13,-6.0994e-13,0,8.3081e-12,7.7646e-12,1.06e-13,1.5132e-10,8.5013e-11,1.9306e-12,0,0,0,1,3,3.3134e-12,4.9222,20.049,1.2269e-18,3.835e-17,0,2.0366e-12,1,0.001542,0.0015,0.001542,5e-06
1.5847e-08,2.5e-16,15.093,0.71579,0,0.20188,0.0037413,0.044588,0.012829,3.0322e-09,0.17687,4.8845e-26,7.608e-13,-6.1568e-13,0,8.3081e-12,7.7645e-12,1.06e-13,1.5138e-10,8.5047e-11,1.9314e-12,0,0,0,1,3,3.3159e-12,4.8927,20.049,1.2269e-18,3.8379e-17,0,2.0374e-12,1,0.001545,0.0015,0.001545,5e-06
1.5855e-08,2.5e-16,15.124,0.71597,0,0.20187,0.0037336,0.0446,0.012833,3.0336e-09,0.17692,5.2799e-26,7.6783e-13,-6.0856e-13,0,8.3081e-12,7.7645e-12,1.06e-13,1.5146e-10,8.5092e-11,1.9324e-12,0,0,0,1,3,3.3192e-12,4.8633,20.049,1.2269e-18,3.8417e-17,0,2.0384e-12,1,0.001548,0.0015,0.001548,5e-06
1.5864e-08,2.5e-16,15.155,0.71614,0,0.20187,0.0037259,0.044611,0.012838,3.0351e-09,0.17697,5.6753e-26,7.7486e-13,-6.0145e-13,0,8.3081e-12,7.7645e-12,1.06e-13,1.5155e-10,8.5138e-11,1.9334e-12,0,0,0,1,3,3.3226e-12,4.8339,20.049,1.2269e-18,3.8456e-17,0,2.0394e-12,1,0.001551,0.0015,0.001551,5e-06
1.5873e-08,2.5e-16,15.189,0.71632,0,0.20186,0.0037182,0.044622,0.012842,3.0368e-09,0.17702,6.9316e-26,7.825e-13,-5.9138e-13,0,8.3081e-12,7.7646e-12,1.06e-13,1.5163e-10,8.5188e-11,1.9346e-12,0,0,0,1,3,3.3262e-12,4.8044,20.049,1.2269e-18,3.8498e-17,0,2.0406e-12,1,0.001554,0.0015,0.001554,5e-06
1.5883e-08,2.5e-16,15.227,0.71649,0,0.20186,0.0037105,0.044633,0.012847,3.0386e-09,0.17707,9.0486e-26,7.9074e-13,-5.7836e-13,0,8.3081e-12,7.7646e-12,1.06e-13,1.5173e-10,8.5243e-11,1.9358e-12,0,0,0,1,3,3.3302e-12,4.775,20.049,1.2269e-18,3.8544e-17,0,2.0418e-12,1,0.001557,0.0015,0.001557,5e-06
1.5894e-08,2.5e-16,15.265,0.71666,0,0.20186,0.0037028,0.044644,0.012851,3.0403e-09,0.17711,1.1166e-25,7.9898e-13,-5.6534e-13,0,8.3081e-12,7.7646e-12,1.06e-13,1.5183e-10,8.5298e-11,1.9371e-12,0,0,0,1,3,3.3342e-12,4.7456,20.049,1.2269e-18,3.8591e-17,0,2.0431e-12,1,0.00156,0.0015,0.00156,5e-06
1.5905e-08,2.5e-16,15.307,0.71684,0,0.20185,0.0036951,0.044655,0.012856,3.0424e-09,0.17716,1.2542e-25,8.0478e-13,-5.6458e-13,0,8.3081e-12,7.7646e-12,1.06e-13,1.5194e-10,8.536e-11,1.9385e-12,0,0,0,1,3,3.3388e-12,4.7162,20.049,1.2269e-18,3.8643e-17,0,2.0445e-12,1,0.001563,0.0015,0.001563,5e-06
1.5917e-08,2.5e-16,15.35,0.71701,0,0.20185,0.0036874,0.044667,0.01286,3.0444e-09,0.17721,1.3919e-25,8.1058e-13,-5.6382e-13,0,8.3081e-12,7.7646e-12,1.06e-13,1.5205e-10,8.5422e-11,1.9399e-12,0,0,0,1,3,3.3433e-12,4.6867,20.049,1.2269e-18,3.8696e-17,0,2.0459e-12,1,0.001566,0.0015,0.001566,5e-06
1.5928e-08,2.5e-16,15.394,0.71719,0,0.20184,0.0036797,0.044678,0.012865,3.0465e-09,0.17726,1.3696e-25,8.1375e-13,-5.6225e-13,0,8.3081e-12,7.7646e-12,1.06e-13,1.5216e-10,8.5485e-11,1.9413e-12,0,0,0,1,3,3.348e-12,4.6573,20.049,1.2269e-18,3.8749e-17,0,2.0473e-12,1,0.001569,0.0015,0.001569,5e-06
1.5941e-08,2.5e-16,15.44,0.71736,0,0.20184,0.003672,0.044689,0.012869,3.0486e-09,0.17731,1.1871e-25,8.143e-13,-5.5987e-13,0,8.3081e-12,7.7646e-12,1.06e-13,1.5228e-10,8.5551e-11,1.9428e-12,0,0,0,1,3,3.3527e-12,4.6279,20.049,1.2269e-18,3.8805e-17,0,2.0488e-12,1,0.001572,0.0015,0.001572,5e-06
1.5953e-08,2.5e-16,15.485,0.71754,0,0.20184,0.0036643,0.0447,0.012874,3.0507e-09,0.17735,1.0047e-25,8.1484e-13,-5.5749e-13,0,8.3081e-12,7.7646e-12,1.06e-13,1.524e-10,8.5616e-11,1.9443e-12,0,0,0,1,3,3.3575e-12,4.5984,20.049,1.2269e-18,3.886e-17,0,2.0503e-12,1,0.001575,0.0015,0.001575,5e-06
1.5965e-08,2.5e-16,15.531,0.71771,0,0.20183,0.0036566,0.044711,0.012878,3.0529e-09,0.1774,8.9686e-26,8.1356e-13,-5.4346e-13,0,8.3081e-12,7.7646e-12,1.06e-13,1.5251e-10,8.5682e-11,1.9458e-12,0,0,0,1,3,3.3623e-12,4.569,20.049,1.2269e-18,3.8916e-17,0,2.0518e-12,1,0.001578,0.0015,0.001578,5e-06
1.5977e-08,2.5e-16,15.577,0.71788,0,0.20183,0.0036489,0.044723,0.012883,3.055e-09,0.17745,7.8898e-26,8.1228e-13,-5.2942e-13,0,8.3081e-12,7.7646e-12,1.06e-13,1.5263e-10,8.5747e-11,1.9473e-12,0,0,0,1,3,3.3671e-12,4.5396,20.049,1.2269e-18,3.8971e-17,0,2.0533e-12,1,0.001581,0.0015,0.001581,5e-06
1.5989e-08,2.5e-16,15.621,0.71806,0,0.20182,0.0036412,0.044734,0.012887,3.0571e-09,0.1775,6.896e-26,8.1206e-13,-5.1866e-13,0,8.3081e-12,7.7645e-12,1.06e-13,1.5274e-10,8.5811e-11,1.9487e-12,0,0,0,1,3,3.3718e-12,4.5101,20.049,1.2269e-18,3.9025e-17,0,2.0547e-12,1,0.001584,0.0015,0.001584,5e-06
1.6001e-08,2.5e-16,15.665,0.71823,0,0.20182,0.0036335,0.044745,0.012892,3.0591e-09,0.17754,5.9872e-26,8.129e-13,-5.1118e-13,0,8.3081e-12,7.7645e-12,1.06e-13,1.5285e-10,8.5872e-11,1.9501e-12,0,0,0,1,3,3.3763e-12,4.4807,20.049,1.2269e-18,3.9077e-17,0,2.0561e-12,1,0.001587,0.0015,0.001587,5e-06
1.6012e-08,2.5e-16,15.708,0.71841,0,0.20182,0.0036258,0.044756,0.012896,3.0611e-09,0.17759,5.0783e-26,8.1374e-13,-5.0369e-13,0,8.3081e-12,7.7645e-12,1.06e-13,1.5296e-10,8.5934e-11,1.9515e-12,0,0,0,1,3,3.3808e-12,4.4513,20.049,1.2269e-18,3.9129e-17,0,2.0575e-12,1,0.00159,0.0015,0.00159,5e-06
1.6022e-08,2.5e-16,15.746,0.71858,0,0.20181,0.0036181,0.044767,0.012901,3.0629e-09,0.17764,4.3225e-26,8.1401e-13,-5.0385e-13,0,8.3081e-12,7.7646e-12,1.06e-13,1.5306e-10,8.5988e-11,1.9528e-12,0,0,0,1,3,3.3848e-12,4.4219,20.049,1.2269e-18,3.9176e-17,0,2.0587e-12,1,0.001593,0.0015,0.001593,5e-06
1.6032e-08,2.5e-16,15.785,0.71875,0,0.20181,0.0036104,0.044779,0.012905,3.0647e-09,0.17769,3.5666e-26,8.1428e-13,-5.0401e-13,0,8.3081e-12,7.7646e-12,1.06e-13,1.5316e-10,8.6043e-11,1.954e-12,0,0,0,1,3,3.3888e-12,4.3924,20.049,1.2269e-18,3.9222e-17,0,2.06e-12,1,0.001596,0.0015,0.001596,5e-06
1.6042e-08,2.5e-16,15.82,0.71893,0,0.2018,0.0036027,0.04479,0.01291,3.0663e-09,0.17774,3.8421e-26,8.1226e-13,-5.0056e-13,0,8.3081e-12,7.7646e-12,1.06e-13,1.5325e-10,8.6093e-11,1.9551e-12,0,0,0,1,3,3.3924e-12,4.363,20.049,1.2269e-18,3.9264e-17,0,2.0611e-12,1,0.001599,0.0015,0.001599,5e-06
1.605e-08,2.5e-16,15.852,0.7191,0,0.2018,0.0035951,0.044801,0.012914,3.0678e-09,0.17778,5.1489e-26,8.0794e-13,-4.9351e-13,0,8.3081e-12,7.7646e-12,1.06e-13,1.5333e-10,8.6138e-11,1.9561e-12,0,0,0,1,3,3.3957e-12,4.3336,20.049,1.2269e-18,3.9302e-17,0,2.0621e-12,1,0.001602,0.0015,0.001602,5e-06
1.6058e-08,2.5e-16,15.884,0.71928,0,0.2018,0.0035874,0.044812,0.012919,3.0693e-09,0.17783,6.4557e-26,8.0362e-13,-4.8646e-13,0,8.3081e-12,7.7646e-12,1.06e-13,1.5341e-10,8.6183e-11,1.9572e-12,0,0,0,1,3,3.399e-12,4.3041,20.049,1.2269e-18,3.934e-17,0,2.0632e-12,1,0.001605,0.0015,0.001605,5e-06
1.6065e-08,2.5e-16,15.907,0.71945,0,0.20179,0.0035797,0.044823,0.012923,3.0704e-09,0.17788,7.8173e-26,7.9685e-13,-4.8127e-13,0,8.3081e-12,7.7646e-12,1.06e-13,1.5347e-10,8.6217e-11,1.9579e-12,0,0,0,1,3,3.4015e-12,4.2747,20.049,1.2269e-18,3.9369e-17,0,2.0639e-12,1,0.001608,0.0015,0.001608,5e-06
1.6071e-08,2.5e-16,15.931,0.71963,0,0.20179,0.003572,0.044835,0.012928,3.0715e-09,0.17793,9.1789e-26,7.9008e-13,-4.7607e-13,0,8.3081e-12,7.7646e-12,1.06e-13,1.5353e-10,8.625e-11,1.9587e-12,0,0,0,1,3,3.4039e-12,4.2453,20.049,1.2269e-18,3.9397e-17,0,2.0647e-12,1,0.001611,0.0015,0.001611,5e-06
1.6076e-08,2.5e-16,15.951,0.7198,0,0.20178,0.0035643,0.044846,0.012932,3.0724e-09,0.17798,1.0584e-25,7.8332e-13,-4.7379e-13,0,8.3081e-12,7.7646e-12,1.06e-13,1.5358e-10,8.6278e-11,1.9593e-12,0,0,0,1,3,3.4059e-12,4.2158,20.049,1.2269e-18,3.9421e-17,0,2.0653e-12,1,0.001614,0.0015,0.001614,5e-06
1.608e-08,2.5e-16,15.966,0.71997,0,0.20178,0.0035566,0.044857,0.012937,3.0731e-09,0.17802,1.2032e-25,7.7657e-13,-4.7442e-13,0,8.3081e-12,7.7646e-12,1.06e-13,1.5361e-10,8.63e-11,1.9598e-12,0,0,0,1,3,3.4076e-12,4.1864,20.049,1.2269e-18,3.9439e-17,0,2.0658e-12,1,0.001617,0.0015,0.001617,5e-06
1.6084e-08,2.5e-16,15.981,0.72015,0,0.20178,0.0035489,0.044868,0.012941,3.0738e-09,0.17807,1.348e-25,7.6981e-13,-4.7504e-13,0,8.3081e-12,7.7646e-12,1.06e-13,1.5365e-10,8.6323e-11,1.9603e-12,0,0,0,1,3,3.4092e-12,4.157,20.049,1.2269e-18,3.9458e-17,0,2.0663e-12,1,0.00162,0.0015,0.00162,5e-06
1.6087e-08,2.5e-16,15.989,0.72032,0,0.20177,0.0035412,0.044879,0.012946,3.0742e-09,0.17812,1.5506e-25,7.6467e-13,-4.6301e-13,0,8.3081e-12,7.7646e-12,1.06e-13,1.5367e-10,8.6334e-11,1.9606e-12,0,0,0,1,3,3.41e-12,4.1276,20.049,1.2269e-18,3.9467e-17,0,2.0666e-12,1,0.001623,0.0015,0.001623,5e-06
1.6089e-08,2.5e-16,15.996,0.7205,0,0.20177,0.0035335,0.04489,0.01295,3.0746e-09,0.17817,1.7532e-25,7.5954e-13,-4.5099e-13,0,8.3081e-12,7.7646e-12,1.06e-13,1.5369e-10,8.6345e-11,1.9609e-12,0,0,0,1,3,3.4108e-12,4.0981,20.049,1.2269e-18,3.9476e-17,0,2.0668e-12,1,0.001626,0.0015,0.001626,5e-06
1.609e-08,2.5e-16,16.001,0.72067,0,0.20177,0.0035258,0.044902,0.012955,3.0748e-09,0.17821,1.7696e-25,7.5634e-13,-4.372e-13,0,8.3081e-12,7.7646e-12,1.06e-13,1.5371e-10,8.6352e-11,1.961e-12,0,0,0,1,3,3.4112e-12,4.0687,20.049,1.2269e-18,3.9482e-17,0,2.067e-12,1,0.001629,0.0015,0.001629,5e-06
1.609e-08,2.5e-16,16.002,0.72085,0,0.20176,0.0035181,0.044913,0.012959,3.0749e-09,0.17826,1.5999e-25,7.5508e-13,-4.2167e-13,0,8.3081e-12,7.7646e-12,1.06e-13,1.5371e-10,8.6354e-11,1.9611e-12,0,0,0,1,3,3.4114e-12,4.0393,20.049,1.2269e-18,3.9483e-17,0,2.0671e-12,1,0.001632,0.0015,0.001632,5e-06
1.6091e-08,2.5e-16,16.002,0.72102,0,0.20176,0.0035104,0.044924,0.012964,3.0749e-09,0.17831,1.4302e-25,7.5381e-13,-4.0614e-13,0,8.3081e-12,7.7646e-12,1.06e-13,1.5371e-10,8.6357e-11,1.9611e-12,0,0,0,1,3,3.4115e-12,4.0098,20.049,1.2269e-18,3.9485e-17,0,2.0671e-12,1,0.001635,0.0015,0.001635,5e-06
1.609e-08,2.5e-16,15.999,0.72119,0,0.20175,0.0035027,0.044935,0.012968,3.0748e-09,0.17836,1.3023e-25,7.5461e-13,-4.0893e-13,0,8.3081e-12,7.7646e-12,1.06e-13,1.5371e-10,8.6353e-11,1.961e-12,0,0,0,1,3,3.4112e-12,3.9804,20.049,1.2269e-18,3.9482e-17,0,2.067e-12,1,0.001638,0.0015,0.001638,5e-06
1.6089e-08,2.5e-16,15.996,0.72137,0,0.20175,0.003495,0.044946,0.012973,3.0747e-09,0.17841,1.1744e-25,7.554e-13,-4.1172e-13,0,8.3081e-12,7.7646e-12,1.06e-13,1.537e-10,8.6349e-11,1.9609e-12,0,0,0,1,3,3.4109e-12,3.951,20.049,1.2269e-18,3.9478e-17,0,2.0669e-12,1,0.001641,0.0015,0.001641,5e-06
1.6089e-08,2.5e-16,15.991,0.72154,0,0.20175,0.0034873,0.044958,0.012977,3.0745e-09,0.17845,1.1097e-25,7.5565e-13,-4.161e-13,0,8.3081e-12,7.7645e-12,1.06e-13,1.5369e-10,8.6344e-11,1.9608e-12,0,0,0,1,3,3.4105e-12,3.9215,20.049,1.2269e-18,3.9474e-17,0,2.0668e-12,1,0.001644,0.0015,0.001644,5e-06
1.6087e-08,2.5e-16,15.986,0.72172,0,0.20174,0.0034796,0.044969,0.012982,3.0743e-09,0.1785,1.1083e-25,7.5534e-13,-4.2207e-13,0,8.3081e-12,7.7645e-12,1.06e-13,1.5368e-10,8.6338e-11,1.9607e-12,0,0,0,1,3,3.41e-12,3.8921,20.049,1.2269e-18,3.9468e-17,0,2.0667e-12,1,0.001647,0.0015,0.001647,5e-06
1.6086e-08,2.5e-16,15.981,0.72189,0,0.20174,0.0034719,0.04498,0.012986,3.0742e-09,0.17855,1.1069e-25,7.5504e-13,-4.2804e-13,0,8.3081e-12,7.7645e-12,1.06e-13,1.5367e-10,8.6332e-11,1.9606e-12,0,0,0,1,3,3.4096e-12,3.8627,20.049,1.2269e-18,3.9463e-17,0,2.0666e-12,1,0.00165,0.0015,0.00165,5e-06
1.6086e-08,2.5e-16,15.977,0.72206,0,0.20173,0.0034642,0.044991,0.012991,3.074e-09,0.1786,9.6398e-26,7.5396e-13,-4.1918e-13,0,8.3081e-12,7.7646e-12,1.06e-13,1.5366e-10,8.6328e-11,1.9605e-12,0,0,0,1,3,3.4092e-12,3.8333,20.049,1.2269e-18,3.9459e-17,0,2.0665e-12,1,0.001653,0.0015,0.001653,5e-06
1.6085e-08,2.5e-16,15.973,0.72224,0,0.20173,0.0034565,0.045002,0.012995,3.0739e-09,0.17864,8.2104e-26,7.5287e-13,-4.1033e-13,0,8.3081e-12,7.7646e-12,1.06e-13,1.5366e-10,8.6324e-11,1.9604e-12,0,0,0,1,3,3.4089e-12,3.8038,20.049,1.2269e-18,3.9454e-17,0,2.0664e-12,1,0.001656,0.0015,0.001656,5e-06
1.6084e-08,2.5e-16,15.971,0.72241,0,0.20173,0.0034488,0.045013,0.013,3.0738e-09,0.17869,7.7045e-26,7.4997e-13,-4.0061e-13,0,8.3081e-12,7.7646e-12,1.06e-13,1.5365e-10,8.6322e-11,1.9603e-12,0,0,0,1,3,3.4087e-12,3.7744,20.049,1.2269e-18,3.9453e-17,0,2.0663e-12,1,0.001659,0.0015,0.001659,5e-06
1.6085e-08,2.5e-16,15.971,0.72259,0,0.20172,0.0034411,0.045025,0.013004,3.0739e-09,0.17874,8.1221e-26,7.4525e-13,-3.9004e-13,0,8.3081e-12,7.7646e-12,1.06e-13,1.5366e-10,8.6323e-11,1.9604e-12,0,0,0,1,3,3.4088e-12,3.745,20.049,1.2269e-18,3.9453e-17,0,2.0664e-12,1,0.001662,0.0015,0.001662,5e-06
1.6085e-08,2.5e-16,15.971,0.72276,0,0.20172,0.0034335,0.045036,0.013009,3.0739e-09,0.17879,8.5398e-26,7.4053e-13,-3.7946e-13,0,8.3081e-12,7.7646e-12,1.06e-13,1.5366e-10,8.6325e-11,1.9604e-12,0,0,0,1,3,3.4088e-12,3.7155,20.049,1.2269e-18,3.9454e-17,0,2.0664e-12,1,0.001665,0.0015,0.001665,5e-06
1.6087e-08,2.5e-16,15.978,0.72294,0,0.20171,0.0034258,0.045047,0.013013,3.0742e-09,0.17884,9.8496e-26,7.266e-13,-3.7632e-13,0,8.3081e-12,7.7646e-12,1.06e-13,1.5368e-10,8.6335e-11,1.9606e-12,0,0,0,1,3,3.4095e-12,3.6861,20.049,1.2269e-18,3.9462e-17,0,2.0666e-12,1,0.001668,0.0015,0.001668,5e-06
1.6089e-08,2.5e-16,15.985,0.72311,0,0.20171,0.0034181,0.045058,0.013018,3.0746e-09,0.17888,1.1159e-25,7.1268e-13,-3.7318e-13,0,8.3081e-12,7.7646e-12,1.06e-13,1.5369e-10,8.6345e-11,1.9608e-12,0,0,0,1,3,3.4103e-12,3.6567,20.049,1.2269e-18,3.9471e-17,0,2.0668e-12,1,0.001671,0.0015,0.001671,5e-06
1.6092e-08,2.5e-16,15.995,0.72328,0,0.20171,0.0034104,0.045069,0.013022,3.0751e-09,0.17893,1.2129e-25,6.9429e-13,-3.6968e-13,0,8.3081e-12,7.7646e-12,1.06e-13,1.5372e-10,8.6361e-11,1.9612e-12,0,0,0,1,3,3.4114e-12,3.6272,20.049,1.2269e-18,3.9484e-17,0,2.0672e-12,1,0.001674,0.0015,0.001674,5e-06
1.6096e-08,2.5e-16,16.01,0.72346,0,0.2017,0.0034027,0.045081,0.013027,3.0758e-09,0.17898,1.276e-25,6.7145e-13,-3.6581e-13,0,8.3081e-12,7.7646e-12,1.06e-13,1.5376e-10,8.6382e-11,1.9617e-12,0,0,0,1,3,3.4129e-12,3.5978,20.049,1.2269e-18,3.9502e-17,0,2.0677e-12,1,0.001677,0.0015,0.001677,5e-06
1.61e-08,2.5e-16,16.025,0.72363,0,0.2017,0.003395,0.045092,0.013031,3.0765e-09,0.17903,1.3391e-25,6.4861e-13,-3.6194e-13,0,8.3081e-12,7.7646e-12,1.06e-13,1.538e-10,8.6404e-11,1.9622e-12,0,0,0,1,3,3.4145e-12,3.5684,20.049,1.2269e-18,3.952e-17,0,2.0682e-12,1,0.00168,0.0015,0.00168,5e-06
1.6106e-08,2.5e-16,16.049,0.72381,0,0.20169,0.0033873,0.045103,0.013036,3.0776e-09,0.17907,1.4216e-25,6.286e-13,-3.5542e-13,0,8.3081e-12,7.7646e-12,1.06e-13,1.5386e-10,8.6438e-11,1.963e-12,0,0,0,1,3,3.417e-12,3.539,20.049,1.2269e-18,3.9548e-17,0,2.0689e-12,1,0.001683,0.0015,0.001683,5e-06
1.6112e-08,2.5e-16,16.073,0.72398,0,0.20169,0.0033796,0.045114,0.01304,3.0787e-09,0.17912,1.5041e-25,6.0858e-13,-3.489e-13,0,8.3081e-12,7.7646e-12,1.06e-13,1.5392e-10,8.6471e-11,1.9637e-12,0,0,0,1,3,3.4194e-12,3.5095,20.049,1.2269e-18,3.9577e-17,0,2.0697e-12,1,0.001686,0.0015,0.001686,5e-06
1.612e-08,2.5e-16,16.101,0.72415,0,0.20169,0.0033719,0.045125,0.013045,3.08e-09,0.17917,1.6719e-25,5.9513e-13,-3.4227e-13,0,8.3081e-12,7.7646e-12,1.06e-13,1.5399e-10,8.6511e-11,1.9646e-12,0,0,0,1,3,3.4223e-12,3.4801,20.049,1.2269e-18,3.961e-17,0,2.0706e-12,1,0.001689,0.0015,0.001689,5e-06
1.6128e-08,2.5e-16,16.134,0.72433,0,0.20168,0.0033642,0.045136,0.013049,3.0815e-09,0.17922,1.925e-25,5.8824e-13,-3.3554e-13,0,8.3081e-12,7.7646e-12,1.06e-13,1.5407e-10,8.6557e-11,1.9657e-12,0,0,0,1,3,3.4257e-12,3.4507,20.049,1.2269e-18,3.9649e-17,0,2.0717e-12,1,0.001692,0.0015,0.001692,5e-06
1.6137e-08,2.5e-16,16.167,0.7245,0,0.20168,0.0033565,0.045148,0.013054,3.083e-09,0.17927,2.1781e-25,5.8136e-13,-3.288e-13,0,8.3081e-12,7.7646e-12,1.06e-13,1.5415e-10,8.6603e-11,1.9667e-12,0,0,0,1,3,3.429e-12,3.4212,20.049,1.2269e-18,3.9688e-17,0,2.0727e-12,1,0.001695,0.0015,0.001695,5e-06
1.6147e-08,2.5e-16,16.208,0.72468,0,0.20168,0.0033488,0.045159,0.013058,3.0848e-09,0.17931,2.1893e-25,5.9379e-13,-3.263e-13,0,8.3081e-12,7.7646e-12,1.06e-13,1.5425e-10,8.6659e-11,1.968e-12,0,0,0,1,3,3.4331e-12,3.3918,20.049,1.2269e-18,3.9736e-17,0,2.074e-12,1,0.001698,0.0015,0.001698,5e-06
1.6158e-08,2.5e-16,16.248,0.72485,0,0.20167,0.0033412,0.04517,0.013062,3.0866e-09,0.17936,2.2005e-25,6.0622e-13,-3.2379e-13,0,8.3081e-12,7.7646e-12,1.06e-13,1.5435e-10,8.6715e-11,1.9692e-12,0,0,0,1,3,3.4373e-12,3.3624,20.049,1.2269e-18,3.9783e-17,0,2.0752e-12,1,0.001701,0.0015,0.001701,5e-06
1.6169e-08,2.5e-16,16.292,0.72502,0,0.20167,0.0033335,0.045181,0.013067,3.0886e-09,0.17941,2.0674e-25,6.2503e-13,-3.2306e-13,0,8.3081e-12,7.7646e-12,1.06e-13,1.5446e-10,8.6774e-11,1.9706e-12,0,0,0,1,3,3.4416e-12,3.3329,20.049,1.2269e-18,3.9833e-17,0,2.0766e-12,1,0.001704,0.0015,0.001704,5e-06
1.618e-08,2.5e-16,16.337,0.7252,0,0.20166,0.0033258,0.045192,0.013071,3.0906e-09,0.17946,1.7901e-25,6.5023e-13,-3.2409e-13,0,8.3081e-12,7.7646e-12,1.06e-13,1.5457e-10,8.6837e-11,1.972e-12,0,0,0,1,3,3.4462e-12,3.3035,20.049,1.2269e-18,3.9887e-17,0,2.078e-12,1,0.001707,0.0015,0.001707,5e-06
1.6192e-08,2.5e-16,16.383,0.72537,0,0.20166,0.0033181,0.045204,0.013076,3.0927e-09,0.1795,1.5127e-25,6.7543e-13,-3.2513e-13,0,8.3081e-12,7.7646e-12,1.06e-13,1.5468e-10,8.69e-11,1.9735e-12,0,0,0,1,3,3.4509e-12,3.2741,20.049,1.2269e-18,3.994e-17,0,2.0794e-12,1,0.00171,0.0015,0.00171,5e-06
1.6204e-08,2.5e-16,16.432,0.72555,4.7181e-08,0.20166,0.0033104,0.045215,0.01308,3.0948e-09,0.17955,1.6213e-25,6.9824e-13,-3.222e-13,0,8.3081e-12,7.7646e-12,1.06e-13,1.548e-10,8.6966e-11,1.9749e-12,0,0,0,1,3,3.4557e-12,3.2447,20.049,1.2269e-18,3.9997e-17,0,2.0809e-12,1,0.001713,0.0015,0.001713,5e-06
1.6217e-08,2.5e-16,16.48,0.72572,9.4362e-08,0.20165,0.0033027,0.045226,0.013085,3.097e-09,0.1796,1.7299e-25,7.2105e-13,-3.1927e-13,0,8.3081e-12,7.7646e-12,1.06e-13,1.5492e-10,8.7032e-11,1.9764e-12,0,0,0,1,3,3.4605e-12,3.2152,20.049,1.2269e-18,4.0053e-17,0,2.0824e-12,1,0.001716,0.0015,0.001716,5e-06
1.6229e-08,2.5e-16,16.529,0.72589,1.7172e-07,0.20165,0.003295,0.045237,0.013089,3.0991e-09,0.17965,1.9158e-25,7.3867e-13,-3.1541e-13,0,8.3081e-12,7.7646e-12,1.06e-13,1.5503e-10,8.7097e-11,1.9779e-12,0,0,0,1,3,3.4653e-12,3.1858,20.049,1.2269e-18,4.0108e-17,0,2.0839e-12,1,0.001719,0.0015,0.001719,5e-06
1.6241e-08,2.5e-16,16.576,0.72607,2.7924e-07,0.20164,0.0032873,0.045248,0.013094,3.1012e-09,0.1797,2.1791e-25,7.5108e-13,-3.1064e-13,0,8.3081e-12,7.7646e-12,1.06e-13,1.5515e-10,8.7162e-11,1.9794e-12,0,0,0,1,3,3.4701e-12,3.1564,20.049,1.2269e-18,4.0163e-17,0,2.0854e-12,1,0.001722,0.0015,0.001722,5e-06
1.6253e-08,2.5e-16,16.624,0.72624,3.8676e-07,0.20164,0.0032796,0.045259,0.013098,3.1034e-09,0.17974,2.4424e-25,7.6349e-13,-3.0587e-13,0,8.3081e-12,7.7646e-12,1.06e-13,1.5526e-10,8.7227e-11,1.9809e-12,0,0,0,1,3,3.4749e-12,3.1269,20.049,1.2269e-18,4.0218e-17,0,2.0869e-12,1,0.001725,0.0015,0.001725,5e-06
1.6264e-08,2.5e-16,16.668,0.72642,5.066e-07,0.20164,0.0032719,0.045271,0.013103,3.1053e-09,0.17979,2.0693e-25,7.6206e-13,-3.0154e-13,0,8.3081e-12,7.7646e-12,1.06e-13,1.5537e-10,8.7286e-11,1.9822e-12,0,0,0,1,3,3.4792e-12,3.0975,20.049,1.2269e-18,4.0269e-17,0,2.0882e-12,1,0.001728,0.0015,0.001728,5e-06
1.6275e-08,2.5e-16,16.712,0.72659,6.2643e-07,0.20163,0.0032642,0.045282,0.013107,3.1072e-09,0.17984,1.6962e-25,7.6062e-13,-2.9721e-13,0,8.3081e-12,7.7646e-12,1.06e-13,1.5547e-10,8.7345e-11,1.9836e-12,0,0,0,1,3,3.4835e-12,3.0681,20.049,1.2269e-18,4.0319e-17,0,2.0896e-12,1,0.001731,0.0015,0.001731,5e-06
1.6285e-08,2.5e-16,16.753,0.72676,7.4543e-07,0.20163,0.0032566,0.045293,0.013112,3.109e-09,0.17989,1.3166e-25,7.531e-13,-2.8967e-13,0,8.3081e-12,7.7646e-12,1.06e-13,1.5557e-10,8.74e-11,1.9848e-12,0,0,0,1,3,3.4876e-12,3.0386,20.049,1.2269e-18,4.0365e-17,0,2.0908e-12,1,0.001734,0.0015,0.001734,5e-06
1.6295e-08,2.5e-16,16.79,0.72694,8.6359e-07,0.20163,0.0032489,0.045304,0.013116,3.1107e-09,0.17993,9.306e-26,7.395e-13,-2.7894e-13,0,8.3081e-12,7.7646e-12,1.06e-13,1.5566e-10,8.745e-11,1.9859e-12,0,0,0,1,3,3.4912e-12,3.0092,20.049,1.2269e-18,4.0408e-17,0,2.0919e-12,1,0.001737,0.0015,0.001737,5e-06
1.6304e-08,2.5e-16,16.827,0.72711,9.8175e-07,0.20162,0.0032412,0.045315,0.013121,3.1123e-09,0.17998,5.4462e-26,7.2589e-13,-2.682e-13,0,8.3081e-12,7.7646e-12,1.06e-13,1.5575e-10,8.75e-11,1.9871e-12,0,0,0,1,3,3.4949e-12,2.9798,20.049,1.2269e-18,4.0451e-17,0,2.0931e-12,1,0.00174,0.0015,0.00174,5e-06
1.6311e-08,2.5e-16,16.856,0.72729,1.0983e-06,0.20162,0.0032335,0.045326,0.013125,3.1136e-09,0.18003,5.8075e-26,7.0746e-13,-2.6191e-13,0,8.3081e-12,7.7646e-12,1.06e-13,1.5582e-10,8.7539e-11,1.988e-12,0,0,0,1,3,3.4978e-12,2.9504,20.049,1.2269e-18,4.0483e-17,0,2.094e-12,1,0.001743,0.0015,0.001743,5e-06
1.6318e-08,2.5e-16,16.885,0.72746,1.2148e-06,0.20161,0.0032258,0.045338,0.01313,3.1148e-09,0.18008,6.1689e-26,6.8902e-13,-2.5561e-13,0,8.3081e-12,7.7646e-12,1.06e-13,1.5589e-10,8.7577e-11,1.9888e-12,0,0,0,1,3,3.5006e-12,2.9209,20.049,1.2269e-18,4.0516e-17,0,2.0948e-12,1,0.001746,0.0015,0.001746,5e-06
1.6324e-08,2.5e-16,16.909,0.72763,1.3304e-06,0.20161,0.0032181,0.045349,0.013134,3.1159e-09,0.18013,6.7027e-26,6.7135e-13,-2.5504e-13,0,8.3081e-12,7.7646e-12,1.06e-13,1.5595e-10,8.761e-11,1.9896e-12,0,0,0,1,3,3.503e-12,2.8915,20.049,1.2269e-18,4.0544e-17,0,2.0956e-12,1,0.001749,0.0015,0.001749,5e-06
1.6329e-08,2.5e-16,16.928,0.72781,1.4453e-06,0.20161,0.0032104,0.04536,0.013139,3.1167e-09,0.18017,7.4091e-26,6.5445e-13,-2.6019e-13,0,8.3081e-12,7.7646e-12,1.06e-13,1.5599e-10,8.7636e-11,1.9902e-12,0,0,0,1,3,3.5049e-12,2.8621,20.049,1.2269e-18,4.0566e-17,0,2.0962e-12,1,0.001752,0.0015,0.001752,5e-06
1.6334e-08,2.5e-16,16.948,0.72798,1.5602e-06,0.2016,0.0032027,0.045371,0.013143,3.1176e-09,0.18022,8.1154e-26,6.3755e-13,-2.6535e-13,0,8.3081e-12,7.7646e-12,1.06e-13,1.5604e-10,8.7663e-11,1.9908e-12,0,0,0,1,3,3.5068e-12,2.8326,20.049,1.2269e-18,4.0588e-17,0,2.0968e-12,1,0.001755,0.0015,0.001755,5e-06
1.6337e-08,2.5e-16,16.958,0.72816,1.6734e-06,0.2016,0.003195,0.045382,0.013148,3.1181e-09,0.18027,8.5981e-26,6.2089e-13,-2.6247e-13,0,8.3081e-12,7.7646e-12,1.06e-13,1.5607e-10,8.7677e-11,1.9911e-12,0,0,0,1,3,3.5079e-12,2.8032,20.049,1.2269e-18,4.06e-17,0,2.0971e-12,1,0.001758,0.0015,0.001758,5e-06
1.634e-08,2.5e-16,16.968,0.72833,1.7867e-06,0.20159,0.0031874,0.045394,0.013152,3.1186e-09,0.18032,9.0808e-26,6.0424e-13,-2.5958e-13,0,8.3081e-12,7.7646e-12,1.06e-13,1.5609e-10,8.7692e-11,1.9914e-12,0,0,0,1,3,3.5089e-12,2.7738,20.049,1.2269e-18,4.0612e-17,0,2.0974e-12,1,0.001761,0.0015,0.001761,5e-06
1.6341e-08,2.5e-16,16.975,0.7285,1.8991e-06,0.20159,0.0031797,0.045405,0.013157,3.1189e-09,0.18036,9.1159e-26,5.8749e-13,-2.5175e-13,0,8.3081e-12,7.7646e-12,1.06e-13,1.5611e-10,8.7701e-11,1.9917e-12,0,0,0,1,3,3.5096e-12,2.7443,20.049,1.2269e-18,4.062e-17,0,2.0976e-12,1,0.001764,0.0015,0.001764,5e-06
1.6342e-08,2.5e-16,16.977,0.72868,2.0108e-06,0.20159,0.003172,0.045416,0.013161,3.119e-09,0.18041,8.7033e-26,5.7065e-13,-2.3897e-13,0,8.3081e-12,7.7646e-12,1.06e-13,1.5612e-10,8.7706e-11,1.9918e-12,0,0,0,1,3,3.5099e-12,2.7149,20.049,1.2269e-18,4.0624e-17,0,2.0978e-12,1,0.001767,0.0015,0.001767,5e-06
1.6343e-08,2.5e-16,16.98,0.72885,2.1225e-06,0.20158,0.0031643,0.045427,0.013166,3.1192e-09,0.18046,8.2907e-26,5.5381e-13,-2.2619e-13,0,8.3081e-12,7.7646e-12,1.06e-13,1.5613e-10,8.7711e-11,1.9919e-12,0,0,0,1,3,3.5102e-12,2.6855,20.049,1.2269e-18,4.0627e-17,0,2.0979e-12,1,0.00177,0.0015,0.00177,5e-06
1.6343e-08,2.5e-16,16.978,0.72903,2.2326e-06,0.20158,0.0031566,0.045438,0.01317,3.1191e-09,0.18051,7.8333e-26,5.4115e-13,-2.2705e-13,0,8.3081e-12,7.7646e-12,1.06e-13,1.5612e-10,8.7709e-11,1.9918e-12,0,0,0,1,3,3.51e-12,2.6561,20.049,1.2269e-18,4.0625e-17,0,2.0978e-12,1,0.001773,0.0015,0.001773,5e-06
1.6343e-08,2.5e-16,16.976,0.7292,2.3427e-06,0.20157,0.0031489,0.045449,0.013175,3.1191e-09,0.18056,7.3759e-26,5.2849e-13,-2.2792e-13,0,8.3081e-12,7.7646e-12,1.06e-13,1.5612e-10,8.7707e-11,1.9918e-12,0,0,0,1,3,3.5099e-12,2.6266,20.049,1.2269e-18,4.0624e-17,0,2.0978e-12,1,0.001776,0.0015,0.001776,5e-06
1.6342e-08,2.5e-16,16.973,0.72937,2.452e-06,0.20157,0.0031412,0.045461,0.013179,3.119e-09,0.1806,7.8149e-26,5.1899e-13,-2.3046e-13,0,8.3081e-12,7.7646e-12,1.06e-13,1.5611e-10,8.7705e-11,1.9917e-12,0,0,0,1,3,3.5096e-12,2.5972,20.049,1.2269e-18,4.0621e-17,0,2.0977e-12,1,0.001779,0.0015,0.001779,5e-06
1.6341e-08,2.5e-16,16.969,0.72955,2.5606e-06,0.20157,0.0031335,0.045472,0.013184,3.1189e-09,0.18065,9.1501e-26,5.1265e-13,-2.3466e-13,0,8.3081e-12,7.7646e-12,1.06e-13,1.5611e-10,8.7701e-11,1.9916e-12,0,0,0,1,3,3.5093e-12,2.5678,20.049,1.2269e-18,4.0617e-17,0,2.0976e-12,1,0.001782,0.0015,0.001782,5e-06
1.6341e-08,2.5e-16,16.965,0.72972,2.6691e-06,0.20156,0.0031259,0.045483,0.013188,3.1187e-09,0.1807,1.0485e-25,5.063e-13,-2.3887e-13,0,8.3081e-12,7.7646e-12,1.06e-13,1.561e-10,8.7697e-11,1.9916e-12,0,0,0,1,3,3.509e-12,2.5383,20.049,1.2269e-18,4.0613e-17,0,2.0975e-12,1,0.001785,0.0015,0.001785,5e-06
1.634e-08,2.5e-16,16.963,0.7299,2.7761e-06,0.20156,0.0031182,0.045494,0.013193,3.1187e-09,0.18075,1.1957e-25,5.0704e-13,-2.2774e-13,0,8.3081e-12,7.7646e-12,1.06e-13,1.561e-10,8.7696e-11,1.9915e-12,0,0,0,1,3,3.5089e-12,2.5089,20.049,1.2269e-18,4.0612e-17,0,2.0975e-12,1,0.001788,0.0015,0.001788,5e-06
1.634e-08,2.5e-16,16.961,0.73007,2.8832e-06,0.20155,0.0031105,0.045505,0.013197,3.1186e-09,0.18079,1.3429e-25,5.0778e-13,-2.1661e-13,0,8.3081e-12,7.7646e-12,1.06e-13,1.561e-10,8.7694e-11,1.9915e-12,0,0,0,1,3,3.5087e-12,2.4795,20.049,1.2269e-18,4.061e-17,0,2.0975e-12,1,0.001791,0.0015,0.001791,5e-06
1.6341e-08,2.5e-16,16.962,0.73024,2.9894e-06,0.20155,0.0031028,0.045516,0.013202,3.1187e-09,0.18084,1.3635e-25,5.1032e-13,-2.0728e-13,0,8.3081e-12,7.7646e-12,1.06e-13,1.561e-10,8.7697e-11,1.9915e-12,0,0,0,1,3,3.5089e-12,2.45,20.049,1.2269e-18,4.0612e-17,0,2.0975e-12,1,0.001794,0.0015,0.001794,5e-06
1.6342e-08,2.5e-16,16.965,0.73042,3.0949e-06,0.20155,0.0030951,0.045528,0.013206,3.1189e-09,0.18089,1.2576e-25,5.1466e-13,-1.9976e-13,0,8.3081e-12,7.7646e-12,1.06e-13,1.5611e-10,8.7702e-11,1.9917e-12,0,0,0,1,3,3.5092e-12,2.4206,20.049,1.2269e-18,4.0616e-17,0,2.0977e-12,1,0.001797,0.0015,0.001797,5e-06
1.6343e-08,2.5e-16,16.969,0.73059,3.2005e-06,0.20154,0.0030874,0.045539,0.01321,3.1191e-09,0.18094,1.1517e-25,5.19e-13,-1.9224e-13,0,8.3081e-12,7.7646e-12,1.06e-13,1.5612e-10,8.7708e-11,1.9918e-12,0,0,0,1,3,3.5096e-12,2.3912,20.049,1.2269e-18,4.062e-17,0,2.0978e-12,1,0.0018,0.0015,0.0018,5e-06
1.6346e-08,2.5e-16,16.98,0.73077,3.3045e-06,0.20154,0.0030797,0.04555,0.013215,3.1196e-09,0.18099,1.0895e-25,5.2397e-13,-2.0022e-13,0,8.3081e-12,7.7646e-12,1.06e-13,1.5615e-10,8.7724e-11,1.9922e-12,0,0,0,1,3,3.5108e-12,2.3618,20.049,1.2269e-18,4.0634e-17,0,2.0982e-12,1,0.001803,0.0015,0.001803,5e-06
1.6349e-08,2.5e-16,16.992,0.73094,3.4085e-06,0.20153,0.003072,0.045561,0.013219,3.1201e-09,0.18103,1.0272e-25,5.2895e-13,-2.0819e-13,0,8.3081e-12,7.7646e-12,1.06e-13,1.5618e-10,8.774e-11,1.9925e-12,0,0,0,1,3,3.5119e-12,2.3323,20.049,1.2269e-18,4.0647e-17,0,2.0985e-12,1,0.001806,0.0015,0.001806,5e-06
1.6353e-08,2.5e-16,17.008,0.73111,3.5118e-06,0.20153,0.0030644,0.045572,0.013224,3.1209e-09,0.18108,1.0289e-25,5.3352e-13,-2.1206e-13,0,8.3081e-12,7.7646e-12,1.06e-13,1.5622e-10,8.7763e-11,1.993e-12,0,0,0,1,3,3.5135e-12,2.3029,20.049,1.2269e-18,4.0666e-17,0,2.099e-12,1,0.001809,0.0015,0.001809,5e-06
1.6358e-08,2.5e-16,17.029,0.73129,3.6144e-06,0.20153,0.0030567,0.045583,0.013228,3.1218e-09,0.18113,1.0944e-25,5.3769e-13,-2.118e-13,0,8.3081e-12,7.7646e-12,1.06e-13,1.5627e-10,8.7791e-11,1.9937e-12,0,0,0,1,3,3.5156e-12,2.2735,20.049,1.2269e-18,4.069e-17,0,2.0997e-12,1,0.001812,0.0015,0.001812,5e-06
1.6364e-08,2.5e-16,17.051,0.73146,3.717e-06,0.20152,0.003049,0.045595,0.013233,3.1227e-09,0.18118,1.16e-25,5.4185e-13,-2.1154e-13,0,8.3081e-12,7.7646e-12,1.06e-13,1.5632e-10,8.782e-11,1.9943e-12,0,0,0,1,3,3.5177e-12,2.244,20.049,1.2269e-18,4.0714e-17,0,2.1003e-12,1,0.001815,0.0015,0.001815,5e-06
1.6371e-08,2.5e-16,17.082,0.73164,3.8181e-06,0.20152,0.0030413,0.045606,0.013237,3.1241e-09,0.18122,1.2282e-25,5.4736e-13,-1.958e-13,0,8.3081e-12,7.7646e-12,1.06e-13,1.5639e-10,8.7862e-11,1.9953e-12,0,0,0,1,3,3.5208e-12,2.2146,20.049,1.2269e-18,4.075e-17,0,2.1013e-12,1,0.001818,0.0015,0.001818,5e-06
1.6379e-08,2.5e-16,17.113,0.73181,3.9192e-06,0.20152,0.0030336,0.045617,0.013242,3.1255e-09,0.18127,1.2965e-25,5.5287e-13,-1.8006e-13,0,8.3081e-12,7.7646e-12,1.06e-13,1.5647e-10,8.7903e-11,1.9962e-12,0,0,0,1,3,3.5238e-12,2.1852,20.049,1.2269e-18,4.0785e-17,0,2.1022e-12,1,0.001821,0.0015,0.001821,5e-06
1.6388e-08,2.5e-16,17.149,0.73198,4.0196e-06,0.20151,0.0030259,0.045628,0.013246,3.127e-09,0.18132,1.3229e-25,5.5842e-13,-1.6917e-13,0,8.3081e-12,7.7646e-12,1.06e-13,1.5655e-10,8.7951e-11,1.9973e-12,0,0,0,1,3,3.5273e-12,2.1557,20.049,1.2269e-18,4.0826e-17,0,2.1033e-12,1,0.001824,0.0015,0.001824,5e-06
1.6398e-08,2.5e-16,17.19,0.73216,4.1193e-06,0.20151,0.0030182,0.045639,0.013251,3.1288e-09,0.18137,1.3075e-25,5.6402e-13,-1.6313e-13,0,8.3081e-12,7.7646e-12,1.06e-13,1.5665e-10,8.8004e-11,1.9985e-12,0,0,0,1,3,3.5312e-12,2.1263,20.049,1.2269e-18,4.0871e-17,0,2.1045e-12,1,0.001827,0.0015,0.001827,5e-06
1.6408e-08,2.5e-16,17.23,0.73233,4.219e-06,0.2015,0.0030106,0.04565,0.013255,3.1305e-09,0.18142,1.292e-25,5.6963e-13,-1.5709e-13,0,8.3081e-12,7.7646e-12,1.06e-13,1.5674e-10,8.8057e-11,1.9997e-12,0,0,0,1,3,3.5352e-12,2.0969,20.049,1.2269e-18,4.0916e-17,0,2.1057e-12,1,0.00183,0.0015,0.00183,5e-06
1.6419e-08,2.5e-16,17.278,0.7325,4.3173e-06,0.2015,0.0030029,0.045662,0.01326,3.1325e-09,0.18146,1.3033e-25,5.7148e-13,-1.6409e-13,0,8.3081e-12,7.7646e-12,1.06e-13,1.5685e-10,8.8119e-11,2.0011e-12,0,0,0,1,3,3.5397e-12,2.0675,20.049,1.2269e-18,4.0969e-17,0,2.1071e-12,1,0.001833,0.0015,0.001833,5e-06
1.6431e-08,2.5e-16,17.325,0.73268,4.4156e-06,0.2015,0.0029952,0.045673,0.013264,3.1345e-09,0.18151,1.3147e-25,5.7333e-13,-1.711e-13,0,8.3081e-12,7.7646e-12,1.06e-13,1.5696e-10,8.818e-11,2.0025e-12,0,0,0,1,3,3.5442e-12,2.038,20.049,1.2269e-18,4.1021e-17,0,2.1085e-12,1,0.001836,0.0015,0.001836,5e-06
1.6442e-08,2.5e-16,17.374,0.73285,4.5132e-06,0.20149,0.0029875,0.045684,0.013269,3.1366e-09,0.18156,1.2595e-25,5.7461e-13,-1.7521e-13,0,8.3081e-12,7.7646e-12,1.06e-13,1.5707e-10,8.8244e-11,2.004e-12,0,0,0,1,3,3.5489e-12,2.0086,20.049,1.2269e-18,4.1075e-17,0,2.11e-12,1,0.001839,0.0015,0.001839,5e-06
1.6455e-08,2.5e-16,17.425,0.73303,4.6101e-06,0.20149,0.0029798,0.045695,0.013273,3.1387e-09,0.18161,1.1377e-25,5.7533e-13,-1.7645e-13,0,8.3081e-12,7.7646e-12,1.06e-13,1.5719e-10,8.8309e-11,2.0055e-12,0,0,0,1,3,3.5537e-12,1.9792,20.049,1.2269e-18,4.1131e-17,0,2.1114e-12,1,0.001842,0.0015,0.001842,5e-06
1.6467e-08,2.5e-16,17.475,0.7332,4.707e-06,0.20148,0.0029721,0.045706,0.013278,3.1409e-09,0.18165,1.016e-25,5.7604e-13,-1.7768e-13,0,8.3081e-12,7.7646e-12,1.06e-13,1.5731e-10,8.8375e-11,2.0069e-12,0,0,0,1,3,3.5586e-12,1.9497,20.049,1.2269e-18,4.1187e-17,0,2.1129e-12,1,0.001845,0.0015,0.001845,5e-06
1.6479e-08,2.5e-16,17.526,0.73337,4.8026e-06,0.20148,0.0029644,0.045718,0.013282,3.143e-09,0.1817,8.2988e-26,5.7497e-13,-1.6967e-13,0,8.3081e-12,7.7646e-12,1.06e-13,1.5742e-10,8.8439e-11,2.0084e-12,0,0,0,1,3,3.5633e-12,1.9203,20.049,1.2269e-18,4.1242e-17,0,2.1144e-12,1,0.001848,0.0015,0.001848,5e-06
1.6491e-08,2.5e-16,17.576,0.73355,4.8981e-06,0.20148,0.0029568,0.045729,0.013287,3.1451e-09,0.18175,6.4377e-26,5.7389e-13,-1.6166e-13,0,8.3081e-12,7.7646e-12,1.06e-13,1.5754e-10,8.8504e-11,2.0099e-12,0,0,0,1,3,3.5681e-12,1.8909,20.049,1.2269e-18,4.1298e-17,0,2.1159e-12,1,0.001851,0.0015,0.001851,5e-06
1.6502e-08,2.5e-16,17.624,0.73372,4.993e-06,0.20147,0.0029491,0.04574,0.013291,3.1471e-09,0.1818,5.4586e-26,5.7071e-13,-1.5288e-13,0,8.3081e-12,7.7646e-12,1.06e-13,1.5765e-10,8.8565e-11,2.0113e-12,0,0,0,1,3,3.5727e-12,1.8614,20.049,1.2269e-18,4.135e-17,0,2.1173e-12,1,0.001854,0.0015,0.001854,5e-06
1.6513e-08,2.5e-16,17.67,0.7339,5.0872e-06,0.20147,0.0029414,0.045751,0.013296,3.149e-09,0.18185,5.3616e-26,5.6542e-13,-1.4333e-13,0,8.3081e-12,7.7646e-12,1.06e-13,1.5775e-10,8.8624e-11,2.0126e-12,0,0,0,1,3,3.577e-12,1.832,20.049,1.2269e-18,4.1401e-17,0,2.1186e-12,1,0.001857,0.0015,0.001857,5e-06
1.6524e-08,2.5e-16,17.717,0.73407,5.1814e-06,0.20147,0.0029337,0.045762,0.0133,3.1509e-09,0.18189,5.2646e-26,5.6013e-13,-1.3378e-13,0,8.3081e-12,7.7646e-12,1.06e-13,1.5786e-10,8.8683e-11,2.0139e-12,0,0,0,1,3,3.5813e-12,1.8026,20.049,1.2269e-18,4.1451e-17,0,2.1199e-12,1,0.00186,0.0015,0.00186,5e-06
1.6534e-08,2.5e-16,17.755,0.73424,5.2742e-06,0.20146,0.002926,0.045773,0.013305,3.1526e-09,0.18194,4.8773e-26,5.5854e-13,-1.3906e-13,0,8.3081e-12,7.7646e-12,1.06e-13,1.5794e-10,8.8733e-11,2.0151e-12,0,0,0,1,3,3.585e-12,1.7732,20.049,1.2269e-18,4.1493e-17,0,2.1211e-12,1,0.001863,0.0015,0.001863,5e-06
1.6543e-08,2.5e-16,17.794,0.73442,5.3671e-06,0.20146,0.0029183,0.045785,0.013309,3.1542e-09,0.18199,4.4899e-26,5.5695e-13,-1.4434e-13,0,8.3081e-12,7.7646e-12,1.06e-13,1.5803e-10,8.8782e-11,2.0162e-12,0,0,0,1,3,3.5886e-12,1.7437,20.049,1.2269e-18,4.1535e-17,0,2.1222e-12,1,0.001866,0.0015,0.001866,5e-06
1.6551e-08,2.5e-16,17.828,0.73459,5.4593e-06,0.20145,0.0029107,0.045796,0.013314,3.1556e-09,0.18204,5.4496e-26,5.5762e-13,-1.4991e-13,0,8.3081e-12,7.7646e-12,1.06e-13,1.5811e-10,8.8825e-11,2.0172e-12,0,0,0,1,3,3.5918e-12,1.7143,20.049,1.2269e-18,4.1571e-17,0,2.1232e-12,1,0.001869,0.0015,0.001869,5e-06
1.6558e-08,2.5e-16,17.856,0.73477,5.5508e-06,0.20145,0.002903,0.045807,0.013318,3.1568e-09,0.18208,7.7562e-26,5.6057e-13,-1.5579e-13,0,8.3081e-12,7.7646e-12,1.06e-13,1.5817e-10,8.8862e-11,2.018e-12,0,0,0,1,3,3.5945e-12,1.6849,20.049,1.2269e-18,4.1603e-17,0,2.124e-12,1,0.001872,0.0015,0.001872,5e-06
1.6565e-08,2.5e-16,17.885,0.73494,5.6424e-06,0.20145,0.0028953,0.045818,0.013323,3.158e-09,0.18213,1.0063e-25,5.6351e-13,-1.6166e-13,0,8.3081e-12,7.7646e-12,1.06e-13,1.5824e-10,8.8899e-11,2.0189e-12,0,0,0,1,3,3.5972e-12,1.6554,20.049,1.2269e-18,4.1634e-17,0,2.1248e-12,1,0.001875,0.0015,0.001875,5e-06
1.6569e-08,2.5e-16,17.904,0.73511,5.7326e-06,0.20144,0.0028876,0.045829,0.013327,3.1588e-09,0.18218,1.1457e-25,5.6597e-13,-1.4928e-13,0,8.3081e-12,7.7646e-12,1.06e-13,1.5828e-10,8.8923e-11,2.0194e-12,0,0,0,1,3,3.599e-12,1.626,20.049,1.2269e-18,4.1655e-17,0,2.1254e-12,1,0.001878,0.0015,0.001878,5e-06
1.6574e-08,2.5e-16,17.922,0.73529,5.8229e-06,0.20144,0.0028799,0.04584,0.013332,3.1596e-09,0.18223,1.2851e-25,5.6843e-13,-1.369e-13,0,8.3081e-12,7.7646e-12,1.06e-13,1.5833e-10,8.8947e-11,2.0199e-12,0,0,0,1,3,3.6007e-12,1.5966,20.049,1.2269e-18,4.1675e-17,0,2.1259e-12,1,0.001881,0.0015,0.001881,5e-06
1.6577e-08,2.5e-16,17.936,0.73546,5.9125e-06,0.20143,0.0028722,0.045852,0.013336,3.1602e-09,0.18227,1.4045e-25,5.6921e-13,-1.2721e-13,0,8.3081e-12,7.7646e-12,1.06e-13,1.5836e-10,8.8965e-11,2.0204e-12,0,0,0,1,3,3.602e-12,1.5671,20.049,1.2269e-18,4.169e-17,0,2.1263e-12,1,0.001884,0.0015,0.001884,5e-06
1.6579e-08,2.5e-16,17.945,0.73563,6.0014e-06,0.20143,0.0028646,0.045863,0.013341,3.1606e-09,0.18232,1.5039e-25,5.6829e-13,-1.202e-13,0,8.3081e-12,7.7646e-12,1.06e-13,1.5838e-10,8.8978e-11,2.0206e-12,0,0,0,1,3,3.6029e-12,1.5377,20.049,1.2269e-18,4.17e-17,0,2.1266e-12,1,0.001887,0.0015,0.001887,5e-06
1.6581e-08,2.5e-16,17.954,0.73581,6.0904e-06,0.20143,0.0028569,0.045874,0.013345,3.161e-09,0.18237,1.6033e-25,5.6737e-13,-1.1319e-13,0,8.3081e-12,7.7646e-12,1.06e-13,1.584e-10,8.899e-11,2.0209e-12,0,0,0,1,3,3.6038e-12,1.5083,20.049,1.2269e-18,4.171e-17,0,2.1269e-12,1,0.00189,0.0015,0.00189,5e-06
1.6582e-08,2.5e-16,17.955,0.73598,6.1781e-06,0.20142,0.0028492,0.045885,0.013349,3.1611e-09,0.18242,1.671e-25,5.6428e-13,-1.284e-13,0,8.3081e-12,7.7646e-12,1.06e-13,1.5841e-10,8.8993e-11,2.021e-12,0,0,0,1,3,3.604e-12,1.4789,20.049,1.2269e-18,4.1713e-17,0,2.127e-12,1,0.001893,0.0015,0.001893,5e-06
1.6583e-08,2.5e-16,17.957,0.73616,6.2658e-06,0.20142,0.0028415,0.045896,0.013354,3.1612e-09,0.18247,1.7387e-25,5.6119e-13,-1.4361e-13,0,8.3081e-12,7.7646e-12,1.06e-13,1.5841e-10,8.8996e-11,2.0211e-12,0,0,0,1,3,3.6042e-12,1.4494,20.049,1.2269e-18,4.1715e-17,0,2.1271e-12,1,0.001896,0.0015,0.001896,5e-06
1.6583e-08,2.5e-16,17.957,0.73633,6.3529e-06,0.20141,0.0028338,0.045907,0.013358,3.1612e-09,0.18251,1.7339e-25,5.567e-13,-1.5251e-13,0,8.3081e-12,7.7646e-12,1.06e-13,1.5841e-10,8.8997e-11,2.0211e-12,0,0,0,1,3,3.6042e-12,1.42,20.049,1.2269e-18,4.1715e-17,0,2.1271e-12,1,0.001899,0.0015,0.001899,5e-06
1.6583e-08,2.5e-16,17.955,0.7365,6.4394e-06,0.20141,0.0028261,0.045918,0.013363,3.1612e-09,0.18256,1.6565e-25,5.5081e-13,-1.5512e-13,0,8.3081e-12,7.7646e-12,1.06e-13,1.5841e-10,8.8996e-11,2.0211e-12,0,0,0,1,3,3.6041e-12,1.3906,20.049,1.2269e-18,4.1714e-17,0,2.127e-12,1,0.001902,0.0015,0.001902,5e-06
1.6582e-08,2.5e-16,17.953,0.73668,6.5259e-06,0.20141,0.0028185,0.04593,0.013367,3.1611e-09,0.18261,1.5791e-25,5.4491e-13,-1.5773e-13,0,8.3081e-12,7.7646e-12,1.06e-13,1.5841e-10,8.8995e-11,2.021e-12,0,0,0,1,3,3.6039e-12,1.3611,20.049,1.2269e-18,4.1712e-17,0,2.127e-12,1,0.001905,0.0015,0.001905,5e-06
1.6582e-08,2.5e-16,17.951,0.73685,6.6111e-06,0.2014,0.0028108,0.045941,0.013372,3.1611e-09,0.18266,1.4465e-25,5.3584e-13,-1.3794e-13,0,8.3081e-12,7.7646e-12,1.06e-13,1.5841e-10,8.8994e-11,2.021e-12,0,0,0,1,3,3.6038e-12,1.3317,20.049,1.2269e-18,4.1711e-17,0,2.127e-12,1,0.001908,0.0015,0.001908,5e-06
1.6582e-08,2.5e-16,17.949,0.73703,6.6964e-06,0.2014,0.0028031,0.045952,0.013376,3.1611e-09,0.1827,1.3139e-25,5.2677e-13,-1.1814e-13,0,8.3081e-12,7.7646e-12,1.06e-13,1.5841e-10,8.8993e-11,2.021e-12,0,0,0,1,3,3.6037e-12,1.3023,20.049,1.2269e-18,4.171e-17,0,2.127e-12,1,0.001911,0.0015,0.001911,5e-06
1.6583e-08,2.5e-16,17.95,0.7372,6.781e-06,0.2014,0.0027954,0.045963,0.013381,3.1612e-09,0.18275,1.24e-25,5.1751e-13,-1.0745e-13,0,8.3081e-12,7.7646e-12,1.06e-13,1.5841e-10,8.8996e-11,2.021e-12,0,0,0,1,3,3.6039e-12,1.2728,20.049,1.2269e-18,4.1711e-17,0,2.127e-12,1,0.001914,0.0015,0.001914,5e-06
1.6583e-08,2.5e-16,17.953,0.73737,6.865e-06,0.20139,0.0027877,0.045974,0.013385,3.1613e-09,0.1828,1.2249e-25,5.0806e-13,-1.0585e-13,0,8.3081e-12,7.7646e-12,1.06e-13,1.5842e-10,8.9001e-11,2.0212e-12,0,0,0,1,3,3.6042e-12,1.2434,20.049,1.2269e-18,4.1715e-17,0,2.1272e-12,1,0.001917,0.0015,0.001917,5e-06
1.6584e-08,2.5e-16,17.956,0.73755,6.9491e-06,0.20139,0.0027801,0.045986,0.01339,3.1615e-09,0.18285,1.2097e-25,4.9862e-13,-1.0424e-13,0,8.3081e-12,7.7646e-12,1.06e-13,1.5843e-10,8.9006e-11,2.0213e-12,0,0,0,1,3,3.6045e-12,1.214,20.049,1.2269e-18,4.1719e-17,0,2.1273e-12,1,0.00192,0.0015,0.00192,5e-06
1.6587e-08,2.5e-16,17.967,0.73772,7.0319e-06,0.20138,0.0027724,0.045997,0.013394,3.162e-09,0.1829,1.1835e-25,4.9223e-13,-1.2341e-13,0,8.3081e-12,7.7646e-12,1.06e-13,1.5846e-10,8.9021e-11,2.0216e-12,0,0,0,1,3,3.6056e-12,1.1846,20.049,1.2269e-18,4.1732e-17,0,2.1276e-12,1,0.001923,0.0015,0.001923,5e-06
1.659e-08,2.5e-16,17.979,0.73789,7.1147e-06,0.20138,0.0027647,0.046008,0.013399,3.1625e-09,0.18294,1.1572e-25,4.8585e-13,-1.4257e-13,0,8.3081e-12,7.7646e-12,1.06e-13,1.5848e-10,8.9036e-11,2.022e-12,0,0,0,1,3,3.6067e-12,1.1551,20.049,1.2269e-18,4.1744e-17,0,2.128e-12,1,0.001926,0.0015,0.001926,5e-06
1.6594e-08,2.5e-16,17.995,0.73807,7.197e-06,0.20138,0.002757,0.046019,0.013403,3.1632e-09,0.18299,1.1766e-25,4.8102e-13,-1.4976e-13,0,8.3081e-12,7.7646e-12,1.06e-13,1.5852e-10,8.9057e-11,2.0224e-12,0,0,0,1,3,3.6083e-12,1.1257,20.049,1.2269e-18,4.1762e-17,0,2.1284e-12,1,0.001929,0.0015,0.001929,5e-06
1.6599e-08,2.5e-16,18.017,0.73824,7.2787e-06,0.20137,0.0027493,0.04603,0.013408,3.1641e-09,0.18304,1.2415e-25,4.7774e-13,-1.4497e-13,0,8.3081e-12,7.7646e-12,1.06e-13,1.5857e-10,8.9085e-11,2.0231e-12,0,0,0,1,3,3.6103e-12,1.0963,20.049,1.2269e-18,4.1786e-17,0,2.1291e-12,1,0.001932,0.0015,0.001932,5e-06
1.6604e-08,2.5e-16,18.039,0.73842,7.3603e-06,0.20137,0.0027416,0.046041,0.013412,3.165e-09,0.18309,1.3063e-25,4.7446e-13,-1.4019e-13,0,8.3081e-12,7.7645e-12,1.06e-13,1.5862e-10,8.9113e-11,2.0237e-12,0,0,0,1,3,3.6123e-12,1.0668,20.049,1.2269e-18,4.181e-17,0,2.1297e-12,1,0.001935,0.0015,0.001935,5e-06
1.6612e-08,2.5e-16,18.071,0.73859,7.4408e-06,0.20136,0.002734,0.046053,0.013417,3.1663e-09,0.18313,1.3063e-25,4.7872e-13,-1.2656e-13,0,8.3081e-12,7.7645e-12,1.06e-13,1.5869e-10,8.9155e-11,2.0247e-12,0,0,0,1,3,3.6154e-12,1.0374,20.049,1.2269e-18,4.1845e-17,0,2.1307e-12,1,0.001938,0.0015,0.001938,5e-06
1.662e-08,2.5e-16,18.104,0.73876,7.5213e-06,0.20136,0.0027263,0.046064,0.013421,3.1677e-09,0.18318,1.3062e-25,4.8299e-13,-1.1292e-13,0,8.3081e-12,7.7645e-12,1.06e-13,1.5877e-10,8.9196e-11,2.0256e-12,0,0,0,1,3,3.6184e-12,1.008,20.049,1.2269e-18,4.188e-17,0,2.1316e-12,1,0.001941,0.0015,0.001941,5e-06
1.6629e-08,2.5e-16,18.142,0.73894,7.6013e-06,0.20136,0.0027186,0.046075,0.013426,3.1692e-09,0.18323,1.144e-25,4.9082e-13,-1.1083e-13,0,8.3081e-12,7.7646e-12,1.06e-13,1.5885e-10,8.9243e-11,2.0267e-12,0,0,0,1,3,3.6219e-12,0.97855,20.049,1.2269e-18,4.1921e-17,0,2.1327e-12,1,0.001944,0.0015,0.001944,5e-06
1.6639e-08,2.5e-16,18.185,0.73911,7.6806e-06,0.20135,0.0027109,0.046086,0.01343,3.171e-09,0.18328,8.1971e-26,5.0223e-13,-1.2028e-13,0,8.3081e-12,7.7646e-12,1.06e-13,1.5895e-10,8.9297e-11,2.0279e-12,0,0,0,1,3,3.6259e-12,0.94912,20.049,1.2269e-18,4.1966e-17,0,2.1339e-12,1,0.001947,0.0015,0.001947,5e-06
1.6649e-08,2.5e-16,18.228,0.73928,7.76e-06,0.20135,0.0027032,0.046097,0.013435,3.1727e-09,0.18332,4.9541e-26,5.1364e-13,-1.2972e-13,0,8.3081e-12,7.7646e-12,1.06e-13,1.5904e-10,8.935e-11,2.0291e-12,0,0,0,1,3,3.6298e-12,0.91969,20.049,1.2269e-18,4.2012e-17,0,2.1351e-12,1,0.00195,0.0015,0.00195,5e-06
1.666e-08,2.5e-16,18.278,0.73946,7.8382e-06,0.20134,0.0026956,0.046108,0.013439,3.1748e-09,0.18337,4.9044e-26,5.2336e-13,-1.3765e-13,0,8.3081e-12,7.7646e-12,1.06e-13,1.5915e-10,8.9412e-11,2.0305e-12,0,0,0,1,3,3.6344e-12,0.89026,20.049,1.2269e-18,4.2065e-17,0,2.1365e-12,1,0.001953,0.0015,0.001953,5e-06
1.6672e-08,2.5e-16,18.328,0.73963,7.9164e-06,0.20134,0.0026879,0.046119,0.013444,3.1768e-09,0.18342,4.8547e-26,5.3308e-13,-1.4558e-13,0,8.3081e-12,7.7646e-12,1.06e-13,1.5926e-10,8.9474e-11,2.0319e-12,0,0,0,1,3,3.639e-12,0.86083,20.049,1.2269e-18,4.2118e-17,0,2.1379e-12,1,0.001956,0.0015,0.001956,5e-06
1.6684e-08,2.5e-16,18.38,0.73981,7.9941e-06,0.20134,0.0026802,0.046131,0.013448,3.1789e-09,0.18347,5.6245e-26,5.3878e-13,-1.3999e-13,0,8.3081e-12,7.7646e-12,1.06e-13,1.5938e-10,8.9537e-11,2.0333e-12,0,0,0,1,3,3.6437e-12,0.8314,20.049,1.2269e-18,4.2172e-17,0,2.1393e-12,1,0.001959,0.0015,0.001959,5e-06
1.6696e-08,2.5e-16,18.433,0.73998,8.0712e-06,0.20133,0.0026725,0.046142,0.013453,3.181e-09,0.18352,7.2137e-26,5.4047e-13,-1.2089e-13,0,8.3081e-12,7.7646e-12,1.06e-13,1.5949e-10,8.9603e-11,2.0348e-12,0,0,0,1,3,3.6485e-12,0.80197,20.049,1.2269e-18,4.2228e-17,0,2.1408e-12,1,0.001962,0.0015,0.001962,5e-06
1.6708e-08,2.5e-16,18.486,0.74015,8.1483e-06,0.20133,0.0026649,0.046153,0.013457,3.1831e-09,0.18356,8.8028e-26,5.4215e-13,-1.0179e-13,0,8.3081e-12,7.7646e-12,1.06e-13,1.5961e-10,8.9668e-11,2.0363e-12,0,0,0,1,3,3.6533e-12,0.77254,20.049,1.2269e-18,4.2284e-17,0,2.1423e-12,1,0.001965,0.0015,0.001965,5e-06
1.672e-08,2.5e-16,18.538,0.74033,8.2244e-06,0.20133,0.0026572,0.046164,0.013461,3.1852e-09,0.18361,1.135e-25,5.3373e-13,-9.1113e-14,0,8.3081e-12,7.7646e-12,1.06e-13,1.5972e-10,8.9731e-11,2.0377e-12,0,0,0,1,3,3.658e-12,0.74311,20.049,1.2269e-18,4.2338e-17,0,2.1437e-12,1,0.001968,0.0015,0.001968,5e-06
1.6731e-08,2.5e-16,18.59,0.7405,8.3004e-06,0.20132,0.0026495,0.046175,0.013466,3.1872e-09,0.18366,1.3898e-25,5.253e-13,-8.0438e-14,0,8.3081e-12,7.7646e-12,1.06e-13,1.5983e-10,8.9794e-11,2.0392e-12,0,0,0,1,3,3.6627e-12,0.71368,20.049,1.2269e-18,4.2392e-17,0,2.1452e-12,1,0.001971,0.0015,0.001971,5e-06
1.6742e-08,2.5e-16,18.639,0.74067,8.3759e-06,0.20132,0.0026418,0.046186,0.01347,3.1892e-09,0.18371,1.4733e-25,5.1581e-13,-7.3561e-14,0,8.3081e-12,7.7646e-12,1.06e-13,1.5994e-10,8.9854e-11,2.0405e-12,0,0,0,1,3,3.6671e-12,0.68425,20.049,1.2269e-18,4.2443e-17,0,2.1465e-12,1,0.001974,0.0015,0.001974,5e-06
1.6753e-08,2.5e-16,18.685,0.74085,8.4508e-06,0.20131,0.0026341,0.046198,0.013475,3.191e-09,0.18375,1.3857e-25,5.0526e-13,-7.0481e-14,0,8.3081e-12,7.7646e-12,1.06e-13,1.6004e-10,8.9909e-11,2.0418e-12,0,0,0,1,3,3.6712e-12,0.65482,20.049,1.2269e-18,4.2491e-17,0,2.1478e-12,1,0.001977,0.0015,0.001977,5e-06
1.6763e-08,2.5e-16,18.731,0.74102,8.5257e-06,0.20131,0.0026265,0.046209,0.013479,3.1928e-09,0.1838,1.2981e-25,4.9471e-13,-6.7401e-14,0,8.3081e-12,7.7646e-12,1.06e-13,1.6014e-10,8.9965e-11,2.0431e-12,0,0,0,1,3,3.6753e-12,0.62539,20.049,1.2269e-18,4.2539e-17,0,2.1491e-12,1,0.00198,0.0015,0.00198,5e-06
1.6772e-08,2.5e-16,18.768,0.7412,8.5996e-06,0.20131,0.0026188,0.04622,0.013484,3.1943e-09,0.18385,1.1328e-25,4.7828e-13,-4.5561e-14,0,8.3081e-12,7.7646e-12,1.06e-13,1.6022e-10,9.001e-11,2.0441e-12,0,0,0,1,3,3.6786e-12,0.59596,20.049,1.2269e-18,4.2577e-17,0,2.1501e-12,1,0.001983,0.0015,0.001983,5e-06
1.678e-08,2.5e-16,18.805,0.74137,8.6735e-06,0.2013,0.0026111,0.046231,0.013488,3.1958e-09,0.1839,9.6758e-26,4.6185e-13,-2.3721e-14,0,8.3081e-12,7.7646e-12,1.06e-13,1.603e-10,9.0055e-11,2.0451e-12,0,0,0,1,3,3.682e-12,0.56653,20.049,1.2269e-18,4.2615e-17,0,2.1511e-12,1,0.001986,0.0015,0.001986,5e-06
1.6787e-08,2.5e-16,18.836,0.74154,8.7468e-06,0.2013,0.0026034,0.046242,0.013493,3.197e-09,0.18395,8.6216e-26,4.5318e-13,3.615e-15,0,8.3081e-12,7.7646e-12,1.06e-13,1.6037e-10,9.0093e-11,2.046e-12,0,0,0,1,3,3.6848e-12,0.5371,20.049,1.2269e-18,4.2648e-17,0,2.152e-12,1,0.001989,0.0015,0.001989,5e-06
1.6793e-08,2.5e-16,18.862,0.74172,8.8196e-06,0.20129,0.0025957,0.046253,0.013497,3.198e-09,0.18399,8.1659e-26,4.5228e-13,3.6448e-14,0,8.3081e-12,7.7646e-12,1.06e-13,1.6042e-10,9.0124e-11,2.0467e-12,0,0,0,1,3,3.6871e-12,0.50767,20.049,1.2269e-18,4.2674e-17,0,2.1527e-12,1,0.001992,0.0015,0.001992,5e-06
1.6799e-08,2.5e-16,18.887,0.74189,8.8924e-06,0.20129,0.0025881,0.046265,0.013502,3.1991e-09,0.18404,7.7102e-26,4.5137e-13,6.928e-14,0,8.3081e-12,7.7645e-12,1.06e-13,1.6048e-10,9.0156e-11,2.0474e-12,0,0,0,1,3,3.6894e-12,0.47824,20.049,1.2269e-18,4.2701e-17,0,2.1534e-12,1,0.001995,0.0015,0.001995,5e-06
1.6802e-08,2.5e-16,18.902,0.74206,8.9642e-06,0.20129,0.0025804,0.046276,0.013506,3.1997e-09,0.18409,6.7946e-26,4.6012e-13,8.05e-14,0,8.3081e-12,7.7645e-12,1.06e-13,1.6051e-10,9.0174e-11,2.0478e-12,0,0,0,1,3,3.6907e-12,0.44881,20.049,1.2269e-18,4.2717e-17,0,2.1538e-12,1,0.001998,0.0015,0.001998,5e-06
1.6806e-08,2.5e-16,18.917,0.74224,9.036e-06,0.20128,0.0025727,0.046287,0.013511,3.2003e-09,0.18414,5.8791e-26,4.6886e-13,9.172e-14,0,8.3081e-12,7.7645e-12,1.06e-13,1.6054e-10,9.0193e-11,2.0482e-12,0,0,0,1,3,3.692e-12,0.41938,20.049,1.2269e-18,4.2732e-17,0,2.1542e-12,1,0.002001,0.0015,0.002001,5e-06
1.6808e-08,2.5e-16,18.927,0.74241,9.1072e-06,0.20128,0.002565,0.046298,0.013515,3.2007e-09,0.18418,6.1962e-26,4.9047e-13,1.0414e-13,0,8.3081e-12,7.7645e-12,1.06e-13,1.6057e-10,9.0206e-11,2.0485e-12,0,0,0,1,3,3.693e-12,0.38995,20.049,1.2269e-18,4.2743e-17,0,2.1545e-12,1,0.002004,0.0015,0.002004,5e-06
1.6809e-08,2.5e-16,18.932,0.74259,9.178e-06,0.20127,0.0025573,0.046309,0.01352,3.2009e-09,0.18423,7.7459e-26,5.2494e-13,1.1775e-13,0,8.3081e-12,7.7645e-12,1.06e-13,1.6058e-10,9.0214e-11,2.0487e-12,0,0,0,1,3,3.6935e-12,0.36052,20.049,1.2269e-18,4.2749e-17,0,2.1547e-12,1,0.002007,0.0015,0.002007,5e-06
1.6811e-08,2.5e-16,18.938,0.74276,9.2487e-06,0.20127,0.0025497,0.04632,0.013524,3.2012e-09,0.18428,9.2956e-26,5.5941e-13,1.3136e-13,0,8.3081e-12,7.7645e-12,1.06e-13,1.6059e-10,9.0221e-11,2.0489e-12,0,0,0,1,3,3.6941e-12,0.33109,20.049,1.2269e-18,4.2755e-17,0,2.1549e-12,1,0.00201,0.0015,0.00201,5e-06
1.6811e-08,2.5e-16,18.938,0.74293,9.3185e-06,0.20127,0.002542,0.046332,0.013529,3.2012e-09,0.18433,1.2268e-25,5.9476e-13,1.4648e-13,0,8.3081e-12,7.7645e-12,1.06e-13,1.606e-10,9.0223e-11,2.0489e-12,0,0,0,1,3,3.6941e-12,0.30166,20.049,1.2269e-18,4.2756e-17,0,2.1549e-12,1,0.002013,0.0015,0.002013,5e-06
1.6811e-08,2.5e-16,18.938,0.74311,9.3882e-06,0.20126,0.0025343,0.046343,0.013533,3.2013e-09,0.18437,1.5241e-25,6.3011e-13,1.6159e-13,0,8.3081e-12,7.7645e-12,1.06e-13,1.606e-10,9.0224e-11,2.0489e-12,0,0,0,1,3,3.6942e-12,0.27223,20.049,1.2269e-18,4.2757e-17,0,2.1549e-12,1,0.002016,0.0015,0.002016,5e-06
1.6812e-08,2.5e-16,18.937,0.74328,9.4575e-06,0.20126,0.0025266,0.046354,0.013538,3.2013e-09,0.18442,1.8758e-25,6.7237e-13,1.8755e-13,0,8.3081e-12,7.7645e-12,1.06e-13,1.606e-10,9.0225e-11,2.049e-12,0,0,0,1,3,3.6942e-12,0.2428,20.049,1.2269e-18,4.2757e-17,0,2.155e-12,1,0.002019,0.0015,0.002019,5e-06
1.6812e-08,2.5e-16,18.937,0.74345,9.5262e-06,0.20126,0.002519,0.046365,0.013542,3.2013e-09,0.18447,2.282e-25,7.2156e-13,2.2435e-13,0,8.3081e-12,7.7645e-12,1.06e-13,1.606e-10,9.0226e-11,2.049e-12,0,0,0,1,3,3.6942e-12,0.21337,20.049,1.2269e-18,4.2757e-17,0,2.155e-12,1,0.002022,0.0015,0.002022,5e-06
1.6812e-08,2.5e-16,18.936,0.74363,9.5949e-06,0.20125,0.0025113,0.046376,0.013547,3.2014e-09,0.18452,2.6882e-25,7.7074e-13,2.6116e-13,0,8.3081e-12,7.7645e-12,1.06e-13,1.606e-10,9.0226e-11,2.049e-12,0,0,0,1,3,3.6942e-12,0.18394,20.049,1.2269e-18,4.2757e-17,0,2.155e-12,1,0.002025,0.0015,0.002025,5e-06
1.6813e-08,2.5e-16,18.94,0.7438,9.6627e-06,0.20125,0.0025036,0.046387,0.013551,3.2015e-09,0.18457,2.6608e-25,8.1344e-13,2.9357e-13,0,8.3081e-12,7.7645e-12,1.06e-13,1.6061e-10,9.0232e-11,2.0491e-12,0,0,0,1,3,3.6946e-12,0.15451,20.049,1.2269e-18,4.2761e-17,0,2.1551e-12,1,0.002028,0.0015,0.002028,5e-06
1.6814e-08,2.5e-16,18.943,0.74397,9.7305e-06,0.20124,0.0024959,0.046399,0.013556,3.2017e-09,0.18461,2.6335e-25,8.5613e-13,3.2598e-13,0,8.3081e-12,7.7645e-12,1.06e-13,1.6062e-10,9.0237e-11,2.0492e-12,0,0,0,1,3,3.695e-12,0.12508,20.049,1.2269e-18,4.2766e-17,0,2.1552e-12,1,0.002031,0.0015,0.002031,5e-06
1.6816e-08,2.5e-16,18.951,0.74415,9.7977e-06,0.20124,0.0024882,0.04641,0.01356,3.2021e-09,0.18466,2.6446e-25,9.4069e-13,2.3658e-13,0,8.3081e-12,7.7645e-12,1.06e-13,1.6064e-10,9.0248e-11,2.0495e-12,0,0,0,1,3,3.6957e-12,0.095645,20.049,1.2269e-18,4.2774e-17,0,2.1555e-12,1,0.002034,0.0015,0.002034,5e-06
1.6819e-08,2.5e-16,18.963,0.74432,9.8645e-06,0.20124,0.0024806,0.046421,0.013565,3.2026e-09,0.18471,2.694e-25,1.0671e-12,2.5407e-14,0,8.308e-12,7.7645e-12,1.06e-13,1.6067e-10,9.0263e-11,2.0498e-12,0,0,0,1,3,3.6968e-12,0.066217,20.049,1.2269e-18,4.2787e-17,0,2.1558e-12,1,0.002037,0.0015,0.002037,5e-06
1.6822e-08,2.5e-16,18.975,0.7445,9.9313e-06,0.20123,0.0024729,0.046432,0.013569,3.2031e-09,0.18476,2.7435e-25,1.1935e-12,-1.8578e-13,0,8.308e-12,7.7645e-12,1.0599e-13,1.607e-10,9.0279e-11,2.0502e-12,0,0,0,1,3,3.6979e-12,0.036787,20.049,1.2269e-18,4.28e-17,0,2.1562e-12,1,0.00204,0.0015,0.00204,5e-06
1.6827e-08,2.5e-16,18.999,0.74467,9.9972e-06,0.20123,0.0024652,0.046443,0.013573,3.204e-09,0.1848,4.3271e-25,1.0759e-12,-2.5354e-13,0,8.308e-12,7.7645e-12,1.0599e-13,1.6075e-10,9.0307e-11,2.0508e-12,0,0,0,1,3,3.7e-12,0.0073574,20.049,1.2269e-18,4.2824e-17,0,2.1568e-12,1,0.002043,0.0015,0.002043,5e-06
1.6832e-08,2.5e-16,19.022,0.74484,1.0063e-05,0.20122,0.0024575,0.046454,0.013578,3.2049e-09,0.18485,5.9107e-25,9.5819e-13,-3.2129e-13,0,8.3079e-12,7.7644e-12,1.0599e-13,1.608e-10,9.0335e-11,2.0515e-12,0,0,0,1,3,3.7021e-12,-0.022072,20.049,1.2269e-18,4.2848e-17,0,2.1575e-12,1,0.002046,0.0015,0.002046,5e-06
1.6839e-08,2.5e-16,19.051,0.74502,1.0128e-05,0.20122,0.0024499,0.046466,0.013582,3.206e-09,0.1849,7.1764e-25,9.0295e-13,-2.8972e-13,0,8.3078e-12,7.7643e-12,1.0599e-13,1.6086e-10,9.037e-11,2.0523e-12,0,0,0,1,3,3.7047e-12,-0.051502,20.049,1.2269e-18,4.2878e-17,0,2.1582e-12,1,0.002049,0.0015,0.002049,5e-06
1.6846e-08,2.5e-16,19.087,0.74519,1.0193e-05,0.20122,0.0024422,0.046477,0.013587,3.2074e-09,0.18495,8.1242e-25,9.1015e-13,-1.5881e-13,0,8.3075e-12,7.764e-12,1.0599e-13,1.6093e-10,9.0411e-11,2.0532e-12,0,0,0,1,3,3.7078e-12,-0.080933,20.049,1.2269e-18,4.2914e-17,0,2.1592e-12,1,0.002052,0.0015,0.002052,5e-06
1.6854e-08,2.5e-16,19.122,0.74536,1.0258e-05,0.20121,0.0024345,0.046488,0.013591,3.2087e-09,0.18499,9.0721e-25,9.1734e-13,-2.7892e-14,0,8.3073e-12,7.7638e-12,1.0599e-13,1.6101e-10,9.0452e-11,2.0541e-12,0,0,0,1,3,3.7109e-12,-0.11036,20.049,1.2269e-18,4.295e-17,0,2.1601e-12,1,0.002055,0.0015,0.002055,5e-06
1.6864e-08,2.5e-16,19.168,0.74554,1.0322e-05,0.20121,0.0024268,0.046499,0.013596,3.2105e-09,0.18504,8.4788e-25,8.5252e-13,-1.2721e-15,0,8.3072e-12,7.7637e-12,1.0598e-13,1.611e-10,9.0506e-11,2.0553e-12,0,0,0,1,3,3.7149e-12,-0.13979,20.049,1.2269e-18,4.2996e-17,0,2.1613e-12,1,0.002058,0.0015,0.002058,5e-06
1.6874e-08,2.5e-16,19.215,0.74571,1.0386e-05,0.2012,0.0024192,0.04651,0.0136,3.2122e-09,0.18509,7.8855e-25,7.877e-13,2.5348e-14,0,8.307e-12,7.7636e-12,1.0598e-13,1.612e-10,9.056e-11,2.0566e-12,0,0,0,1,3,3.7189e-12,-0.16922,20.049,1.2269e-18,4.3043e-17,0,2.1625e-12,1,0.002061,0.0015,0.002061,5e-06
1.6885e-08,2.5e-16,19.264,0.74588,1.045e-05,0.2012,0.0024115,0.046521,0.013605,3.2141e-09,0.18514,7.548e-25,7.2228e-13,2.0568e-14,0,8.3071e-12,7.7636e-12,1.0598e-13,1.613e-10,9.0618e-11,2.0579e-12,0,0,0,1,3,3.7232e-12,-0.19865,20.049,1.2269e-18,4.3093e-17,0,2.1639e-12,1,0.002064,0.0015,0.002064,5e-06
1.6897e-08,2.5e-16,19.317,0.74606,1.0513e-05,0.2012,0.0024038,0.046532,0.013609,3.2162e-09,0.18519,7.4662e-25,6.5628e-13,-1.5604e-14,0,8.3073e-12,7.7638e-12,1.0599e-13,1.6141e-10,9.0682e-11,2.0593e-12,0,0,0,1,3,3.7279e-12,-0.22808,20.049,1.2269e-18,4.3147e-17,0,2.1653e-12,1,0.002067,0.0015,0.002067,5e-06
1.6909e-08,2.5e-16,19.371,0.74623,1.0576e-05,0.20119,0.0023961,0.046544,0.013614,3.2183e-09,0.18523,7.3844e-25,5.9027e-13,-5.1779e-14,0,8.3075e-12,7.764e-12,1.0599e-13,1.6153e-10,9.0745e-11,2.0608e-12,0,0,0,1,3,3.7326e-12,-0.25751,20.049,1.2269e-18,4.3201e-17,0,2.1668e-12,1,0.00207,0.0015,0.00207,5e-06
1.6921e-08,2.5e-16,19.426,0.74641,1.0638e-05,0.20119,0.0023884,0.046555,0.013618,3.2205e-09,0.18528,6.3523e-25,6.0389e-13,-2.4386e-13,0,8.3077e-12,7.7642e-12,1.0599e-13,1.6164e-10,9.0811e-11,2.0623e-12,0,0,0,1,3,3.7374e-12,-0.28694,20.049,1.2269e-18,4.3257e-17,0,2.1683e-12,1,0.002073,0.0015,0.002073,5e-06
1.6933e-08,2.5e-16,19.482,0.74658,1.07e-05,0.20119,0.0023808,0.046566,0.013623,3.2226e-09,0.18533,5.3203e-25,6.1752e-13,-4.3594e-13,0,8.3079e-12,7.7644e-12,1.0599e-13,1.6176e-10,9.0877e-11,2.0638e-12,0,0,0,1,3,3.7422e-12,-0.31637,20.049,1.2269e-18,4.3313e-17,0,2.1698e-12,1,0.002076,0.0015,0.002076,5e-06
1.6945e-08,2.5e-16,19.536,0.74675,1.0762e-05,0.20118,0.0023731,0.046577,0.013627,3.2247e-09,0.18538,4.0675e-25,5.4499e-13,-5.0394e-13,0,8.3081e-12,7.7646e-12,1.06e-13,1.6187e-10,9.0941e-11,2.0652e-12,0,0,0,1,3,3.7469e-12,-0.3458,20.049,1.2269e-18,4.3367e-17,0,2.1712e-12,1,0.002079,0.0015,0.002079,5e-06
1.6956e-08,2.5e-16,19.589,0.74693,1.0823e-05,0.20118,0.0023654,0.046588,0.013632,3.2267e-09,0.18542,2.5939e-25,3.8629e-13,-4.4784e-13,0,8.3082e-12,7.7647e-12,1.06e-13,1.6198e-10,9.1002e-11,2.0666e-12,0,0,0,1,3,3.7515e-12,-0.37523,20.049,1.2269e-18,4.342e-17,0,2.1726e-12,1,0.002082,0.0015,0.002082,5e-06
1.6968e-08,2.5e-16,19.641,0.7471,1.0884e-05,0.20117,0.0023577,0.046599,0.013636,3.2287e-09,0.18547,1.1203e-25,2.276e-13,-3.9173e-13,0,8.3082e-12,7.7647e-12,1.06e-13,1.6209e-10,9.1063e-11,2.068e-12,0,0,0,1,3,3.756e-12,-0.40466,20.049,1.2269e-18,4.3472e-17,0,2.174e-12,1,0.002085,0.0015,0.002085,5e-06
1.6977e-08,2.5e-16,19.686,0.74727,1.0945e-05,0.20117,0.0023501,0.046611,0.013641,3.2304e-09,0.18552,7.7801e-26,3.0203e-13,-2.0314e-13,0,8.3083e-12,7.7647e-12,1.06e-13,1.6218e-10,9.1115e-11,2.0692e-12,0,0,0,1,3,3.7598e-12,-0.43409,20.049,1.2269e-18,4.3516e-17,0,2.1752e-12,1,0.002088,0.0015,0.002088,5e-06
1.6987e-08,2.5e-16,19.731,0.74745,1.1005e-05,0.20117,0.0023424,0.046622,0.013645,3.2321e-09,0.18557,4.3577e-26,3.7647e-13,-1.4551e-14,0,8.3083e-12,7.7647e-12,1.06e-13,1.6228e-10,9.1167e-11,2.0703e-12,0,0,0,1,3,3.7637e-12,-0.46352,20.049,1.2269e-18,4.3561e-17,0,2.1763e-12,1,0.002091,0.0015,0.002091,5e-06
1.6996e-08,2.5e-16,19.77,0.74762,1.1065e-05,0.20116,0.0023347,0.046633,0.01365,3.2336e-09,0.18561,2.4896e-26,4.1341e-13,5.3079e-14,0,8.3083e-12,7.7647e-12,1.06e-13,1.6236e-10,9.1212e-11,2.0714e-12,0,0,0,1,3,3.767e-12,-0.49295,20.049,1.2269e-18,4.36e-17,0,2.1774e-12,1,0.002094,0.0015,0.002094,5e-06
1.7003e-08,2.5e-16,19.803,0.7478,1.1124e-05,0.20116,0.002327,0.046644,0.013654,3.2348e-09,0.18566,2.1757e-26,4.1286e-13,-2.3007e-16,0,8.3083e-12,7.7647e-12,1.06e-13,1.6243e-10,9.1251e-11,2.0723e-12,0,0,0,1,3,3.7699e-12,-0.52238,20.049,1.2269e-18,4.3633e-17,0,2.1783e-12,1,0.002097,0.0015,0.002097,5e-06
1.701e-08,2.5e-16,19.837,0.74797,1.1184e-05,0.20116,0.0023194,0.046655,0.013659,3.2361e-09,0.18571,1.8617e-26,4.1232e-13,-5.3543e-14,0,8.3083e-12,7.7647e-12,1.06e-13,1.625e-10,9.129e-11,2.0731e-12,0,0,0,1,3,3.7728e-12,-0.55181,20.049,1.2269e-18,4.3666e-17,0,2.1791e-12,1,0.0021,0.0015,0.0021,5e-06
1.7015e-08,2.5e-16,19.858,0.74814,1.1243e-05,0.20115,0.0023117,0.046666,0.013663,3.2369e-09,0.18576,1.8406e-26,4.2254e-13,-6.9565e-14,0,8.3083e-12,7.7647e-12,1.06e-13,1.6254e-10,9.1315e-11,2.0737e-12,0,0,0,1,3,3.7746e-12,-0.58124,20.049,1.2269e-18,4.3688e-17,0,2.1797e-12,1,0.002103,0.0015,0.002103,5e-06
1.7019e-08,2.5e-16,19.88,0.74832,1.1301e-05,0.20115,0.002304,0.046678,0.013667,3.2378e-09,0.18581,1.8195e-26,4.3276e-13,-8.5587e-14,0,8.3083e-12,7.7647e-12,1.06e-13,1.6259e-10,9.134e-11,2.0743e-12,0,0,0,1,3,3.7764e-12,-0.61067,20.049,1.2269e-18,4.3709e-17,0,2.1803e-12,1,0.002106,0.0015,0.002106,5e-06
1.7023e-08,2.5e-16,19.895,0.74849,1.1359e-05,0.20114,0.0022963,0.046689,0.013672,3.2384e-09,0.18585,1.8359e-26,4.4054e-13,-7.8367e-14,0,8.3083e-12,7.7647e-12,1.06e-13,1.6262e-10,9.1359e-11,2.0747e-12,0,0,0,1,3,3.7778e-12,-0.6401,20.049,1.2269e-18,4.3725e-17,0,2.1807e-12,1,0.002109,0.0015,0.002109,5e-06
1.7025e-08,2.5e-16,19.906,0.74866,1.1417e-05,0.20114,0.0022887,0.0467,0.013676,3.2388e-09,0.1859,1.8896e-26,4.4588e-13,-4.79e-14,0,8.3083e-12,7.7647e-12,1.06e-13,1.6264e-10,9.1372e-11,2.075e-12,0,0,0,1,3,3.7787e-12,-0.66953,20.049,1.2269e-18,4.3735e-17,0,2.181e-12,1,0.002112,0.0015,0.002112,5e-06
1.7028e-08,2.5e-16,19.916,0.74884,1.1475e-05,0.20114,0.002281,0.046711,0.013681,3.2392e-09,0.18595,1.9433e-26,4.5122e-13,-1.7433e-14,0,8.3083e-12,7.7647e-12,1.06e-13,1.6266e-10,9.1385e-11,2.0753e-12,0,0,0,1,3,3.7797e-12,-0.69896,20.049,1.2269e-18,4.3746e-17,0,2.1813e-12,1,0.002115,0.0015,0.002115,5e-06
1.7029e-08,2.5e-16,19.919,0.74901,1.1532e-05,0.20113,0.0022733,0.046722,0.013685,3.2394e-09,0.186,2.0964e-26,4.5986e-13,-1.1429e-14,0,8.3083e-12,7.7647e-12,1.06e-13,1.6267e-10,9.1389e-11,2.0754e-12,0,0,0,1,3,3.7799e-12,-0.72839,20.049,1.2269e-18,4.3749e-17,0,2.1814e-12,1,0.002118,0.0015,0.002118,5e-06
1.7029e-08,2.5e-16,19.921,0.74918,1.1589e-05,0.20113,0.0022656,0.046733,0.01369,3.2395e-09,0.18604,2.2496e-26,4.685e-13,-5.425e-15,0,8.3083e-12,7.7647e-12,1.06e-13,1.6268e-10,9.1393e-11,2.0755e-12,0,0,0,1,3,3.7802e-12,-0.75782,20.049,1.2269e-18,4.3753e-17,0,2.1815e-12,1,0.002121,0.0015,0.002121,5e-06
1.703e-08,2.5e-16,19.923,0.74936,1.1646e-05,0.20112,0.002258,0.046744,0.013694,3.2396e-09,0.18609,2.3876e-26,4.7569e-13,-3.5505e-16,0,8.3083e-12,7.7647e-12,1.06e-13,1.6269e-10,9.1397e-11,2.0756e-12,0,0,0,1,3,3.7804e-12,-0.78725,20.049,1.2269e-18,4.3755e-17,0,2.1816e-12,1,0.002124,0.0015,0.002124,5e-06
1.703e-08,2.5e-16,19.923,0.74953,1.1702e-05,0.20112,0.0022503,0.046756,0.013699,3.2397e-09,0.18614,2.5105e-26,4.8141e-13,3.781e-15,0,8.3083e-12,7.7647e-12,1.06e-13,1.6269e-10,9.1398e-11,2.0756e-12,0,0,0,1,3,3.7805e-12,-0.81669,20.049,1.2269e-18,4.3756e-17,0,2.1816e-12,1,0.002127,0.0015,0.002127,5e-06
1.7031e-08,2.5e-16,19.923,0.7497,1.1758e-05,0.20112,0.0022426,0.046767,0.013703,3.2397e-09,0.18619,2.6334e-26,4.8713e-13,7.9167e-15,0,8.3083e-12,7.7647e-12,1.06e-13,1.6269e-10,9.14e-11,2.0756e-12,0,0,0,1,3,3.7806e-12,-0.84611,20.049,1.2269e-18,4.3757e-17,0,2.1817e-12,1,0.00213,0.0015,0.00213,5e-06
1.7032e-08,2.5e-16,19.927,0.74988,1.1813e-05,0.20111,0.0022349,0.046778,0.013708,3.2399e-09,0.18623,2.636e-26,4.9245e-13,7.6642e-15,0,8.3083e-12,7.7647e-12,1.06e-13,1.627e-10,9.1406e-11,2.0758e-12,0,0,0,1,3,3.7809e-12,-0.87554,20.049,1.2269e-18,4.3761e-17,0,2.1818e-12,1,0.002133,0.0015,0.002133,5e-06
1.7033e-08,2.5e-16,19.931,0.75005,1.1869e-05,0.20111,0.0022273,0.046789,0.013712,3.2401e-09,0.18628,2.6387e-26,4.9778e-13,7.4116e-15,0,8.3083e-12,7.7647e-12,1.06e-13,1.6271e-10,9.1411e-11,2.0759e-12,0,0,0,1,3,3.7813e-12,-0.90497,20.049,1.2269e-18,4.3765e-17,0,2.1819e-12,1,0.002136,0.0015,0.002136,5e-06
1.7035e-08,2.5e-16,19.938,0.75023,1.1924e-05,0.2011,0.0022196,0.0468,0.013717,3.2404e-09,0.18633,2.5021e-26,5.0185e-13,7.3264e-15,0,8.3083e-12,7.7647e-12,1.06e-13,1.6273e-10,9.1421e-11,2.0761e-12,0,0,0,1,3,3.782e-12,-0.9344,20.049,1.2269e-18,4.3773e-17,0,2.1821e-12,1,0.002139,0.0015,0.002139,5e-06
1.7037e-08,2.5e-16,19.95,0.7504,1.1978e-05,0.2011,0.0022119,0.046811,0.013721,3.2409e-09,0.18638,2.2262e-26,5.0468e-13,7.4087e-15,0,8.3083e-12,7.7647e-12,1.06e-13,1.6276e-10,9.1436e-11,2.0765e-12,0,0,0,1,3,3.7831e-12,-0.96383,20.049,1.2269e-18,4.3786e-17,0,2.1825e-12,1,0.002142,0.0015,0.002142,5e-06
1.704e-08,2.5e-16,19.963,0.75057,1.2033e-05,0.2011,0.0022042,0.046823,0.013726,3.2414e-09,0.18643,1.9503e-26,5.075e-13,7.491e-15,0,8.3083e-12,7.7647e-12,1.06e-13,1.6278e-10,9.1451e-11,2.0768e-12,0,0,0,1,3,3.7842e-12,-0.99326,20.049,1.2269e-18,4.3798e-17,0,2.1828e-12,1,0.002145,0.0015,0.002145,5e-06
1.7045e-08,2.5e-16,19.987,0.75075,1.2087e-05,0.20109,0.0021966,0.046834,0.01373,3.2423e-09,0.18647,1.7293e-26,5.1023e-13,5.4977e-15,0,8.3083e-12,7.7647e-12,1.06e-13,1.6283e-10,9.1479e-11,2.0774e-12,0,0,0,1,3,3.7862e-12,-1.0227,20.049,1.2269e-18,4.3822e-17,0,2.1834e-12,1,0.002148,0.0015,0.002148,5e-06
1.705e-08,2.5e-16,20.011,0.75092,1.214e-05,0.20109,0.0021889,0.046845,0.013735,3.2432e-09,0.18652,1.5083e-26,5.1296e-13,3.5043e-15,0,8.3083e-12,7.7647e-12,1.06e-13,1.6288e-10,9.1507e-11,2.0781e-12,0,0,0,1,3,3.7883e-12,-1.0521,20.049,1.2269e-18,4.3846e-17,0,2.1841e-12,1,0.002151,0.0015,0.002151,5e-06
1.7057e-08,2.5e-16,20.041,0.75109,1.2194e-05,0.20109,0.0021812,0.046856,0.013739,3.2444e-09,0.18657,1.3833e-26,5.1524e-13,1.8675e-15,0,8.3083e-12,7.7647e-12,1.06e-13,1.6294e-10,9.1542e-11,2.0789e-12,0,0,0,1,3,3.7909e-12,-1.0816,20.049,1.2269e-18,4.3876e-17,0,2.1849e-12,1,0.002154,0.0015,0.002154,5e-06
1.7065e-08,2.5e-16,20.078,0.75127,1.2247e-05,0.20108,0.0021736,0.046867,0.013744,3.2457e-09,0.18662,1.3543e-26,5.1708e-13,5.8707e-16,0,8.3083e-12,7.7647e-12,1.06e-13,1.6302e-10,9.1584e-11,2.0798e-12,0,0,0,1,3,3.794e-12,-1.111,20.049,1.2269e-18,4.3912e-17,0,2.1858e-12,1,0.002157,0.0015,0.002157,5e-06
1.7073e-08,2.5e-16,20.115,0.75144,1.23e-05,0.20108,0.0021659,0.046878,0.013748,3.2471e-09,0.18666,1.3253e-26,5.1892e-13,-6.9325e-16,0,8.3083e-12,7.7647e-12,1.06e-13,1.631e-10,9.1626e-11,2.0808e-12,0,0,0,1,3,3.7971e-12,-1.1404,20.049,1.2269e-18,4.3948e-17,0,2.1868e-12,1,0.00216,0.0015,0.00216,5e-06
1.7083e-08,2.5e-16,20.164,0.75161,1.2352e-05,0.20107,0.0021582,0.04689,0.013753,3.2489e-09,0.18671,1.5043e-26,5.2e-13,-2.9229e-15,0,8.3083e-12,7.7647e-12,1.06e-13,1.6319e-10,9.1681e-11,2.082e-12,0,0,0,1,3,3.8012e-12,-1.1698,20.049,1.2269e-18,4.3995e-17,0,2.188e-12,1,0.002163,0.0015,0.002163,5e-06
1.7093e-08,2.5e-16,20.212,0.75179,1.2404e-05,0.20107,0.0021505,0.046901,0.013757,3.2507e-09,0.18676,1.6833e-26,5.2108e-13,-5.1526e-15,0,8.3083e-12,7.7647e-12,1.06e-13,1.6329e-10,9.1735e-11,2.0833e-12,0,0,0,1,3,3.8052e-12,-1.1993,20.049,1.2269e-18,4.4042e-17,0,2.1893e-12,1,0.002166,0.0015,0.002166,5e-06
1.7104e-08,2.5e-16,20.265,0.75196,1.2456e-05,0.20107,0.0021429,0.046912,0.013761,3.2526e-09,0.18681,1.8441e-26,5.2212e-13,-6.9e-15,0,8.3083e-12,7.7647e-12,1.06e-13,1.6339e-10,9.1794e-11,2.0846e-12,0,0,0,1,3,3.8096e-12,-1.2287,20.049,1.2269e-18,4.4092e-17,0,2.1906e-12,1,0.002169,0.0015,0.002169,5e-06
1.7116e-08,2.5e-16,20.321,0.75214,1.2508e-05,0.20106,0.0021352,0.046923,0.013766,3.2546e-09,0.18685,1.9867e-26,5.2313e-13,-8.1651e-15,0,8.3083e-12,7.7647e-12,1.06e-13,1.635e-10,9.1856e-11,2.086e-12,0,0,0,1,3,3.8142e-12,-1.2581,20.049,1.2269e-18,4.4146e-17,0,2.192e-12,1,0.002172,0.0015,0.002172,5e-06
1.7127e-08,2.5e-16,20.377,0.75231,1.2559e-05,0.20106,0.0021275,0.046934,0.01377,3.2566e-09,0.1869,2.1293e-26,5.2413e-13,-9.4302e-15,0,8.3083e-12,7.7647e-12,1.06e-13,1.6361e-10,9.1918e-11,2.0874e-12,0,0,0,1,3,3.8189e-12,-1.2876,20.049,1.2269e-18,4.42e-17,0,2.1934e-12,1,0.002175,0.0015,0.002175,5e-06
1.7139e-08,2.5e-16,20.434,0.75248,1.261e-05,0.20105,0.0021198,0.046945,0.013775,3.2587e-09,0.18695,2.0349e-26,5.2451e-13,-1.1126e-14,0,8.3083e-12,7.7647e-12,1.06e-13,1.6373e-10,9.1982e-11,2.0889e-12,0,0,0,1,3,3.8236e-12,-1.317,20.049,1.2269e-18,4.4255e-17,0,2.1949e-12,1,0.002178,0.0015,0.002178,5e-06
1.7151e-08,2.5e-16,20.492,0.75266,1.2661e-05,0.20105,0.0021122,0.046956,0.013779,3.2608e-09,0.187,1.9405e-26,5.2489e-13,-1.2822e-14,0,8.3083e-12,7.7647e-12,1.06e-13,1.6384e-10,9.2046e-11,2.0903e-12,0,0,0,1,3,3.8284e-12,-1.3464,20.049,1.2269e-18,4.431e-17,0,2.1963e-12,1,0.002181,0.0015,0.002181,5e-06
1.7162e-08,2.5e-16,20.548,0.75283,1.2711e-05,0.20105,0.0021045,0.046968,0.013784,3.2628e-09,0.18705,1.8447e-26,5.2529e-13,-1.4314e-14,0,8.3083e-12,7.7647e-12,1.06e-13,1.6395e-10,9.2107e-11,2.0917e-12,0,0,0,1,3,3.8329e-12,-1.3759,20.049,1.2269e-18,4.4363e-17,0,2.1977e-12,1,0.002184,0.0015,0.002184,5e-06
1.7173e-08,2.5e-16,20.601,0.753,1.2761e-05,0.20104,0.0020968,0.046979,0.013788,3.2647e-09,0.18709,1.7476e-26,5.2571e-13,-1.5602e-14,0,8.3083e-12,7.7647e-12,1.06e-13,1.6405e-10,9.2166e-11,2.093e-12,0,0,0,1,3,3.8373e-12,-1.4053,20.049,1.2269e-18,4.4413e-17,0,2.199e-12,1,0.002187,0.0015,0.002187,5e-06
1.7184e-08,2.5e-16,20.655,0.75318,1.2811e-05,0.20104,0.0020892,0.04699,0.013793,3.2667e-09,0.18714,1.6505e-26,5.2614e-13,-1.6891e-14,0,8.3083e-12,7.7647e-12,1.06e-13,1.6416e-10,9.2225e-11,2.0944e-12,0,0,0,1,3,3.8417e-12,-1.4347,20.049,1.2269e-18,4.4464e-17,0,2.2004e-12,1,0.00219,0.0015,0.00219,5e-06
1.7193e-08,2.5e-16,20.699,0.75335,1.286e-05,0.20103,0.0020815,0.047001,0.013797,3.2682e-09,0.18719,1.7875e-26,5.2647e-13,-1.856e-14,0,8.3083e-12,7.7647e-12,1.06e-13,1.6425e-10,9.2273e-11,2.0955e-12,0,0,0,1,3,3.8453e-12,-1.4641,20.049,1.2269e-18,4.4506e-17,0,2.2015e-12,1,0.002193,0.0015,0.002193,5e-06
1.7202e-08,2.5e-16,20.743,0.75352,1.291e-05,0.20103,0.0020738,0.047012,0.013802,3.2698e-09,0.18724,1.9245e-26,5.268e-13,-2.0229e-14,0,8.3083e-12,7.7647e-12,1.06e-13,1.6433e-10,9.2321e-11,2.0966e-12,0,0,0,1,3,3.8489e-12,-1.4936,20.049,1.2269e-18,4.4547e-17,0,2.2026e-12,1,0.002196,0.0015,0.002196,5e-06
1.721e-08,2.5e-16,20.78,0.7537,1.2959e-05,0.20103,0.0020661,0.047023,0.013806,3.2712e-09,0.18728,1.8661e-26,5.2723e-13,-2.1493e-14,0,8.3083e-12,7.7647e-12,1.06e-13,1.6441e-10,9.2363e-11,2.0975e-12,0,0,0,1,3,3.852e-12,-1.523,20.049,1.2269e-18,4.4583e-17,0,2.2035e-12,1,0.002199,0.0015,0.002199,5e-06
1.7216e-08,2.5e-16,20.812,0.75387,1.3007e-05,0.20102,0.0020585,0.047034,0.013811,3.2723e-09,0.18733,1.6123e-26,5.2776e-13,-2.2352e-14,0,8.3083e-12,7.7647e-12,1.06e-13,1.6447e-10,9.2397e-11,2.0983e-12,0,0,0,1,3,3.8545e-12,-1.5524,20.049,1.2269e-18,4.4612e-17,0,2.2043e-12,1,0.002202,0.0015,0.002202,5e-06
1.7223e-08,2.5e-16,20.843,0.75405,1.3056e-05,0.20102,0.0020508,0.047046,0.013815,3.2734e-09,0.18738,1.3585e-26,5.2829e-13,-2.321e-14,0,8.3083e-12,7.7647e-12,1.06e-13,1.6453e-10,9.2432e-11,2.0991e-12,0,0,0,1,3,3.8571e-12,-1.5819,20.049,1.2269e-18,4.4642e-17,0,2.2051e-12,1,0.002205,0.0015,0.002205,5e-06
1.7227e-08,2.5e-16,20.861,0.75422,1.3104e-05,0.20102,0.0020431,0.047057,0.01382,3.2741e-09,0.18743,1.3497e-26,5.2848e-13,-2.4833e-14,0,8.3083e-12,7.7647e-12,1.06e-13,1.6457e-10,9.2453e-11,2.0995e-12,0,0,0,1,3,3.8586e-12,-1.6113,20.049,1.2269e-18,4.466e-17,0,2.2055e-12,1,0.002208,0.0015,0.002208,5e-06
1.7231e-08,2.5e-16,20.879,0.75439,1.3152e-05,0.20101,0.0020354,0.047068,0.013824,3.2748e-09,0.18747,1.341e-26,5.2867e-13,-2.6456e-14,0,8.3083e-12,7.7647e-12,1.06e-13,1.646e-10,9.2473e-11,2.1e-12,0,0,0,1,3,3.8601e-12,-1.6407,20.049,1.2269e-18,4.4677e-17,0,2.206e-12,1,0.002211,0.0015,0.002211,5e-06
1.7233e-08,2.5e-16,20.892,0.75457,1.3199e-05,0.20101,0.0020278,0.047079,0.013829,3.2753e-09,0.18752,1.3408e-26,5.2881e-13,-2.7913e-14,0,8.3083e-12,7.7647e-12,1.06e-13,1.6463e-10,9.2488e-11,2.1004e-12,0,0,0,1,3,3.8612e-12,-1.6702,20.049,1.2269e-18,4.469e-17,0,2.2064e-12,1,0.002214,0.0015,0.002214,5e-06
1.7235e-08,2.5e-16,20.9,0.75474,1.3247e-05,0.201,0.0020201,0.04709,0.013833,3.2756e-09,0.18757,1.3491e-26,5.289e-13,-2.9205e-14,0,8.3083e-12,7.7647e-12,1.06e-13,1.6465e-10,9.2498e-11,2.1006e-12,0,0,0,1,3,3.8618e-12,-1.6996,20.049,1.2269e-18,4.4697e-17,0,2.2066e-12,1,0.002217,0.0015,0.002217,5e-06
1.7237e-08,2.5e-16,20.907,0.75491,1.3294e-05,0.201,0.0020124,0.047101,0.013838,3.2759e-09,0.18762,1.3575e-26,5.2898e-13,-3.0496e-14,0,8.3083e-12,7.7647e-12,1.06e-13,1.6466e-10,9.2507e-11,2.1008e-12,0,0,0,1,3,3.8625e-12,-1.729,20.049,1.2269e-18,4.4705e-17,0,2.2068e-12,1,0.00222,0.0015,0.00222,5e-06
1.7237e-08,2.5e-16,20.909,0.75509,1.334e-05,0.201,0.0020048,0.047113,0.013842,3.276e-09,0.18766,1.2964e-26,5.2882e-13,-3.1927e-14,0,8.3083e-12,7.7647e-12,1.06e-13,1.6467e-10,9.251e-11,2.1009e-12,0,0,0,1,3,3.8627e-12,-1.7584,20.049,1.2269e-18,4.4707e-17,0,2.2069e-12,1,0.002223,0.0015,0.002223,5e-06
1.7238e-08,2.5e-16,20.911,0.75526,1.3387e-05,0.20099,0.0019971,0.047124,0.013847,3.2761e-09,0.18771,1.2353e-26,5.2866e-13,-3.3358e-14,0,8.3083e-12,7.7647e-12,1.06e-13,1.6467e-10,9.2514e-11,2.1009e-12,0,0,0,1,3,3.8629e-12,-1.7879,20.049,1.2269e-18,4.471e-17,0,2.2069e-12,1,0.002226,0.0015,0.002226,5e-06
1.7239e-08,2.5e-16,20.913,0.75543,1.3433e-05,0.20099,0.0019894,0.047135,0.013851,3.2762e-09,0.18776,1.2214e-26,5.2872e-13,-3.4479e-14,0,8.3083e-12,7.7647e-12,1.06e-13,1.6468e-10,9.2518e-11,2.101e-12,0,0,0,1,3,3.8631e-12,-1.8173,20.049,1.2269e-18,4.4712e-17,0,2.207e-12,1,0.002229,0.0015,0.002229,5e-06
1.724e-08,2.5e-16,20.915,0.75561,1.3479e-05,0.20098,0.0019817,0.047146,0.013855,3.2764e-09,0.18781,1.2546e-26,5.2901e-13,-3.5291e-14,0,8.3083e-12,7.7647e-12,1.06e-13,1.6469e-10,9.2522e-11,2.1011e-12,0,0,0,1,3,3.8634e-12,-1.8467,20.049,1.2269e-18,4.4715e-17,0,2.2071e-12,1,0.002232,0.0015,0.002232,5e-06
1.724e-08,2.5e-16,20.918,0.75578,1.3525e-05,0.20098,0.0019741,0.047157,0.01386,3.2765e-09,0.18786,1.2879e-26,5.2929e-13,-3.6103e-14,0,8.3083e-12,7.7647e-12,1.06e-13,1.647e-10,9.2526e-11,2.1012e-12,0,0,0,1,3,3.8637e-12,-1.8762,20.049,1.2269e-18,4.4718e-17,0,2.2072e-12,1,0.002235,0.0015,0.002235,5e-06
1.7242e-08,2.5e-16,20.927,0.75595,1.357e-05,0.20098,0.0019664,0.047168,0.013864,3.2769e-09,0.1879,1.2226e-26,5.2892e-13,-3.7246e-14,0,8.3083e-12,7.7647e-12,1.06e-13,1.6472e-10,9.2537e-11,2.1015e-12,0,0,0,1,3,3.8645e-12,-1.9056,20.049,1.2269e-18,4.4728e-17,0,2.2075e-12,1,0.002238,0.0015,0.002238,5e-06
1.7245e-08,2.5e-16,20.936,0.75613,1.3615e-05,0.20097,0.0019587,0.04718,0.013869,3.2772e-09,0.18795,1.1574e-26,5.2856e-13,-3.8388e-14,0,8.3083e-12,7.7647e-12,1.06e-13,1.6474e-10,9.2548e-11,2.1017e-12,0,0,0,1,3,3.8653e-12,-1.935,20.049,1.2269e-18,4.4737e-17,0,2.2077e-12,1,0.002241,0.0015,0.002241,5e-06
1.7248e-08,2.5e-16,20.951,0.7563,1.366e-05,0.20097,0.0019511,0.047191,0.013873,3.2778e-09,0.188,1.2319e-26,5.2834e-13,-3.9142e-14,0,8.3083e-12,7.7647e-12,1.06e-13,1.6477e-10,9.2566e-11,2.1021e-12,0,0,0,1,3,3.8665e-12,-1.9645,20.049,1.2269e-18,4.4752e-17,0,2.2081e-12,1,0.002244,0.0015,0.002244,5e-06
1.7252e-08,2.5e-16,20.973,0.75647,1.3705e-05,0.20097,0.0019434,0.047202,0.013878,3.2786e-09,0.18805,1.4461e-26,5.2827e-13,-3.9505e-14,0,8.3083e-12,7.7647e-12,1.06e-13,1.6481e-10,9.259e-11,2.1027e-12,0,0,0,1,3,3.8683e-12,-1.9939,20.049,1.2269e-18,4.4772e-17,0,2.2087e-12,1,0.002247,0.0015,0.002247,5e-06
1.7257e-08,2.5e-16,20.994,0.75665,1.3749e-05,0.20096,0.0019357,0.047213,0.013882,3.2794e-09,0.18809,1.6602e-26,5.282e-13,-3.9869e-14,0,8.3083e-12,7.7647e-12,1.06e-13,1.6485e-10,9.2613e-11,2.1032e-12,0,0,0,1,3,3.87e-12,-2.0233,20.049,1.2269e-18,4.4792e-17,0,2.2092e-12,1,0.00225,0.0015,0.00225,5e-06
1.7264e-08,2.5e-16,21.029,0.75682,1.3793e-05,0.20096,0.0019281,0.047224,0.013887,3.2806e-09,0.18814,1.9041e-26,5.2799e-13,-4.0259e-14,0,8.3083e-12,7.7647e-12,1.06e-13,1.6492e-10,9.2652e-11,2.1041e-12,0,0,0,1,3,3.8729e-12,-2.0527,20.049,1.2269e-18,4.4825e-17,0,2.2101e-12,1,0.002253,0.0015,0.002253,5e-06
1.7271e-08,2.5e-16,21.064,0.757,1.3837e-05,0.20095,0.0019204,0.047235,0.013891,3.2819e-09,0.18819,2.148e-26,5.2778e-13,-4.0648e-14,0,8.3083e-12,7.7647e-12,1.06e-13,1.6499e-10,9.269e-11,2.1049e-12,0,0,0,1,3,3.8757e-12,-2.0822,20.049,1.2269e-18,4.4858e-17,0,2.2109e-12,1,0.002256,0.0015,0.002256,5e-06
1.7279e-08,2.5e-16,21.106,0.75717,1.3881e-05,0.20095,0.0019127,0.047246,0.013896,3.2833e-09,0.18824,2.288e-26,5.2752e-13,-4.0966e-14,0,8.3083e-12,7.7647e-12,1.06e-13,1.6507e-10,9.2735e-11,2.106e-12,0,0,0,1,3,3.8791e-12,-2.1116,20.049,1.2269e-18,4.4896e-17,0,2.212e-12,1,0.002259,0.0015,0.002259,5e-06
1.7289e-08,2.5e-16,21.154,0.75734,1.3924e-05,0.20095,0.001905,0.047258,0.0139,3.285e-09,0.18828,2.3241e-26,5.2721e-13,-4.1212e-14,0,8.3083e-12,7.7647e-12,1.06e-13,1.6516e-10,9.2787e-11,2.1071e-12,0,0,0,1,3,3.8829e-12,-2.141,20.049,1.2269e-18,4.4941e-17,0,2.2131e-12,1,0.002262,0.0015,0.002262,5e-06
1.7299e-08,2.5e-16,21.202,0.75752,1.3967e-05,0.20094,0.0018974,0.047269,0.013905,3.2867e-09,0.18833,2.3603e-26,5.269e-13,-4.1459e-14,0,8.3083e-12,7.7647e-12,1.06e-13,1.6525e-10,9.2839e-11,2.1083e-12,0,0,0,1,3,3.8868e-12,-2.1705,20.049,1.2269e-18,4.4986e-17,0,2.2143e-12,1,0.002265,0.0015,0.002265,5e-06
1.731e-08,2.5e-16,21.26,0.75769,1.401e-05,0.20094,0.0018897,0.04728,0.013909,3.2887e-09,0.18838,2.3369e-26,5.2607e-13,-4.2453e-14,0,8.3083e-12,7.7647e-12,1.06e-13,1.6536e-10,9.2899e-11,2.1097e-12,0,0,0,1,3,3.8913e-12,-2.1999,20.049,1.2269e-18,4.5038e-17,0,2.2157e-12,1,0.002268,0.0015,0.002268,5e-06
1.7321e-08,2.5e-16,21.317,0.75786,1.4053e-05,0.20093,0.001882,0.047291,0.013914,3.2907e-09,0.18843,2.3136e-26,5.2524e-13,-4.3448e-14,0,8.3083e-12,7.7647e-12,1.06e-13,1.6547e-10,9.296e-11,2.1111e-12,0,0,0,1,3,3.8959e-12,-2.2293,20.049,1.2269e-18,4.5091e-17,0,2.2171e-12,1,0.002271,0.0015,0.002271,5e-06
1.7333e-08,2.5e-16,21.376,0.75804,1.4095e-05,0.20093,0.0018744,0.047302,0.013918,3.2927e-09,0.18847,2.241e-26,5.2475e-13,-4.4111e-14,0,8.3083e-12,7.7647e-12,1.06e-13,1.6558e-10,9.3023e-11,2.1125e-12,0,0,0,1,3,3.9005e-12,-2.2588,20.049,1.2269e-18,4.5145e-17,0,2.2185e-12,1,0.002274,0.0015,0.002274,5e-06
1.7345e-08,2.5e-16,21.436,0.75821,1.4137e-05,0.20093,0.0018667,0.047313,0.013923,3.2948e-09,0.18852,2.1192e-26,5.246e-13,-4.4442e-14,0,8.3083e-12,7.7647e-12,1.06e-13,1.6569e-10,9.3086e-11,2.1139e-12,0,0,0,1,3,3.9053e-12,-2.2882,20.049,1.2269e-18,4.52e-17,0,2.2199e-12,1,0.002277,0.0015,0.002277,5e-06
1.7357e-08,2.5e-16,21.497,0.75838,1.4179e-05,0.20092,0.001859,0.047325,0.013927,3.2969e-09,0.18857,1.9974e-26,5.2445e-13,-4.4774e-14,0,8.3083e-12,7.7647e-12,1.06e-13,1.6581e-10,9.315e-11,2.1154e-12,0,0,0,1,3,3.91e-12,-2.3176,20.049,1.2269e-18,4.5255e-17,0,2.2214e-12,1,0.00228,0.0015,0.00228,5e-06
1.7368e-08,2.5e-16,21.553,0.75856,1.4221e-05,0.20092,0.0018514,0.047336,0.013932,3.2988e-09,0.18862,1.6939e-26,5.2385e-13,-4.4782e-14,0,8.3083e-12,7.7647e-12,1.06e-13,1.6591e-10,9.3209e-11,2.1167e-12,0,0,0,1,3,3.9144e-12,-2.347,20.049,1.2269e-18,4.5306e-17,0,2.2227e-12,1,0.002283,0.0015,0.002283,5e-06
1.7379e-08,2.5e-16,21.609,0.75873,1.4262e-05,0.20092,0.0018437,0.047347,0.013936,3.3007e-09,0.18867,1.3905e-26,5.2326e-13,-4.479e-14,0,8.3083e-12,7.7647e-12,1.06e-13,1.6602e-10,9.3268e-11,2.1181e-12,0,0,0,1,3,3.9189e-12,-2.3765,20.049,1.2269e-18,4.5357e-17,0,2.2241e-12,1,0.002286,0.0015,0.002286,5e-06
1.7389e-08,2.5e-16,21.661,0.7589,1.4303e-05,0.20091,0.001836,0.047358,0.01394,3.3025e-09,0.18871,1.3802e-26,5.2277e-13,-4.4745e-14,0,8.3083e-12,7.7647e-12,1.06e-13,1.6611e-10,9.3321e-11,2.1193e-12,0,0,0,1,3,3.9229e-12,-2.4059,20.049,1.2269e-18,4.5404e-17,0,2.2253e-12,1,0.002289,0.0015,0.002289,5e-06
1.7398e-08,2.5e-16,21.707,0.75908,1.4344e-05,0.20091,0.0018283,0.047369,0.013945,3.3041e-09,0.18876,1.6632e-26,5.2238e-13,-4.4646e-14,0,8.3083e-12,7.7647e-12,1.06e-13,1.662e-10,9.337e-11,2.1204e-12,0,0,0,1,3,3.9265e-12,-2.4353,20.049,1.2269e-18,4.5446e-17,0,2.2264e-12,1,0.002292,0.0015,0.002292,5e-06
1.7407e-08,2.5e-16,21.754,0.75925,1.4385e-05,0.2009,0.0018207,0.04738,0.013949,3.3057e-09,0.18881,1.9462e-26,5.2198e-13,-4.4547e-14,0,8.3083e-12,7.7647e-12,1.06e-13,1.6629e-10,9.3419e-11,2.1215e-12,0,0,0,1,3,3.9301e-12,-2.4648,20.049,1.2269e-18,4.5488e-17,0,2.2275e-12,1,0.002295,0.0015,0.002295,5e-06
1.7413e-08,2.5e-16,21.786,0.75942,1.4425e-05,0.2009,0.001813,0.047391,0.013954,3.3068e-09,0.18886,2.2031e-26,5.2155e-13,-4.4937e-14,0,8.3083e-12,7.7647e-12,1.06e-13,1.6635e-10,9.3453e-11,2.1223e-12,0,0,0,1,3,3.9327e-12,-2.4942,20.049,1.2269e-18,4.5517e-17,0,2.2283e-12,1,0.002298,0.0015,0.002298,5e-06
1.742e-08,2.5e-16,21.819,0.7596,1.4466e-05,0.2009,0.0018053,0.047403,0.013958,3.3079e-09,0.1889,2.46e-26,5.2112e-13,-4.5327e-14,0,8.3083e-12,7.7647e-12,1.06e-13,1.6641e-10,9.3488e-11,2.1231e-12,0,0,0,1,3,3.9352e-12,-2.5236,20.049,1.2269e-18,4.5547e-17,0,2.2291e-12,1,0.002301,0.0015,0.002301,5e-06
1.7425e-08,2.5e-16,21.845,0.75977,1.4506e-05,0.20089,0.0017977,0.047414,0.013963,3.3088e-09,0.18895,2.6176e-26,5.208e-13,-4.5756e-14,0,8.3083e-12,7.7647e-12,1.06e-13,1.6646e-10,9.3515e-11,2.1237e-12,0,0,0,1,3,3.9373e-12,-2.5531,20.049,1.2269e-18,4.557e-17,0,2.2297e-12,1,0.002304,0.0015,0.002304,5e-06
1.7428e-08,2.5e-16,21.863,0.75995,1.4545e-05,0.20089,0.00179,0.047425,0.013967,3.3095e-09,0.189,2.6759e-26,5.206e-13,-4.6224e-14,0,8.3083e-12,7.7647e-12,1.06e-13,1.6649e-10,9.3535e-11,2.1241e-12,0,0,0,1,3,3.9387e-12,-2.5825,20.049,1.2269e-18,4.5587e-17,0,2.2301e-12,1,0.002307,0.0015,0.002307,5e-06
1.7432e-08,2.5e-16,21.882,0.76012,1.4585e-05,0.20088,0.0017823,0.047436,0.013972,3.3101e-09,0.18905,2.7341e-26,5.204e-13,-4.6692e-14,0,8.3083e-12,7.7647e-12,1.06e-13,1.6653e-10,9.3555e-11,2.1246e-12,0,0,0,1,3,3.9402e-12,-2.6119,20.049,1.2269e-18,4.5604e-17,0,2.2306e-12,1,0.00231,0.0015,0.00231,5e-06
1.7434e-08,2.5e-16,21.889,0.76029,1.4624e-05,0.20088,0.0017747,0.047447,0.013976,3.3104e-09,0.18909,2.6933e-26,5.1971e-13,-4.7616e-14,0,8.3083e-12,7.7647e-12,1.06e-13,1.6654e-10,9.3564e-11,2.1248e-12,0,0,0,1,3,3.9408e-12,-2.6413,20.049,1.2269e-18,4.5611e-17,0,2.2308e-12,1,0.002313,0.0015,0.002313,5e-06
1.7435e-08,2.5e-16,21.896,0.76047,1.4664e-05,0.20088,0.001767,0.047458,0.013981,3.3107e-09,0.18914,2.6525e-26,5.1903e-13,-4.8539e-14,0,8.3083e-12,7.7647e-12,1.06e-13,1.6656e-10,9.3573e-11,2.125e-12,0,0,0,1,3,3.9414e-12,-2.6708,20.049,1.2269e-18,4.5619e-17,0,2.231e-12,1,0.002316,0.0015,0.002316,5e-06
1.7437e-08,2.5e-16,21.901,0.76064,1.4702e-05,0.20087,0.0017593,0.04747,0.013985,3.3109e-09,0.18919,2.4204e-26,5.1829e-13,-4.9262e-14,0,8.3083e-12,7.7647e-12,1.06e-13,1.6657e-10,9.3579e-11,2.1251e-12,0,0,0,1,3,3.9419e-12,-2.7002,20.049,1.2269e-18,4.5623e-17,0,2.2311e-12,1,0.002319,0.0015,0.002319,5e-06
1.7437e-08,2.5e-16,21.903,0.76081,1.4741e-05,0.20087,0.0017517,0.047481,0.01399,3.311e-09,0.18924,1.9969e-26,5.175e-13,-4.9785e-14,0,8.3083e-12,7.7647e-12,1.06e-13,1.6658e-10,9.3583e-11,2.1252e-12,0,0,0,1,3,3.9421e-12,-2.7296,20.049,1.2269e-18,4.5626e-17,0,2.2312e-12,1,0.002322,0.0015,0.002322,5e-06
1.7438e-08,2.5e-16,21.905,0.76099,1.478e-05,0.20087,0.001744,0.047492,0.013994,3.3111e-09,0.18929,1.5734e-26,5.1672e-13,-5.0308e-14,0,8.3083e-12,7.7647e-12,1.06e-13,1.6658e-10,9.3586e-11,2.1253e-12,0,0,0,1,3,3.9423e-12,-2.7591,20.049,1.2269e-18,4.5628e-17,0,2.2313e-12,1,0.002325,0.0015,0.002325,5e-06
1.7439e-08,2.5e-16,21.909,0.76116,1.4818e-05,0.20086,0.0017363,0.047503,0.013999,3.3113e-09,0.18933,1.2826e-26,5.1633e-13,-5.0647e-14,0,8.3083e-12,7.7647e-12,1.06e-13,1.6659e-10,9.3592e-11,2.1254e-12,0,0,0,1,3,3.9426e-12,-2.7885,20.049,1.2269e-18,4.5633e-17,0,2.2314e-12,1,0.002328,0.0015,0.002328,5e-06
1.744e-08,2.5e-16,21.912,0.76133,1.4856e-05,0.20086,0.0017286,0.047514,0.014003,3.3115e-09,0.18938,9.9174e-27,5.1595e-13,-5.0986e-14,0,8.3083e-12,7.7647e-12,1.06e-13,1.666e-10,9.3597e-11,2.1255e-12,0,0,0,1,3,3.943e-12,-2.8179,20.049,1.2269e-18,4.5637e-17,0,2.2315e-12,1,0.002331,0.0015,0.002331,5e-06
1.7442e-08,2.5e-16,21.921,0.76151,1.4894e-05,0.20085,0.001721,0.047525,0.014008,3.3118e-09,0.18943,9.4804e-27,5.1554e-13,-5.1138e-14,0,8.3083e-12,7.7647e-12,1.06e-13,1.6662e-10,9.3607e-11,2.1258e-12,0,0,0,1,3,3.9437e-12,-2.8474,20.049,1.2269e-18,4.5645e-17,0,2.2318e-12,1,0.002334,0.0015,0.002334,5e-06
1.7444e-08,2.5e-16,21.934,0.76168,1.4931e-05,0.20085,0.0017133,0.047536,0.014012,3.3123e-09,0.18948,1.1514e-26,5.1511e-13,-5.1104e-14,0,8.3083e-12,7.7647e-12,1.06e-13,1.6665e-10,9.3621e-11,2.1261e-12,0,0,0,1,3,3.9447e-12,-2.8768,20.049,1.2269e-18,4.5657e-17,0,2.2321e-12,1,0.002337,0.0015,0.002337,5e-06
1.7447e-08,2.5e-16,21.946,0.76185,1.4969e-05,0.20085,0.0017056,0.047548,0.014016,3.3128e-09,0.18952,1.3548e-26,5.1467e-13,-5.1069e-14,0,8.3083e-12,7.7647e-12,1.06e-13,1.6667e-10,9.3636e-11,2.1264e-12,0,0,0,1,3,3.9458e-12,-2.9062,20.049,1.2269e-18,4.5669e-17,0,2.2324e-12,1,0.00234,0.0015,0.00234,5e-06
1.7452e-08,2.5e-16,21.973,0.76203,1.5006e-05,0.20084,0.001698,0.047559,0.014021,3.3137e-09,0.18957,1.6588e-26,5.1427e-13,-5.1399e-14,0,8.3083e-12,7.7647e-12,1.06e-13,1.6672e-10,9.3664e-11,2.1271e-12,0,0,0,1,3,3.9479e-12,-2.9356,20.049,1.2269e-18,4.5693e-17,0,2.2331e-12,1,0.002343,0.0015,0.002343,5e-06
1.7458e-08,2.5e-16,21.999,0.7622,1.5043e-05,0.20084,0.0016903,0.04757,0.014025,3.3146e-09,0.18962,1.9629e-26,5.1386e-13,-5.1729e-14,0,8.3083e-12,7.7647e-12,1.06e-13,1.6677e-10,9.3692e-11,2.1277e-12,0,0,0,1,3,3.9499e-12,-2.9651,20.049,1.2269e-18,4.5717e-17,0,2.2337e-12,1,0.002346,0.0015,0.002346,5e-06
1.7464e-08,2.5e-16,22.034,0.76237,1.5079e-05,0.20083,0.0016826,0.047581,0.01403,3.3158e-09,0.18967,2.154e-26,5.1355e-13,-5.196e-14,0,8.3083e-12,7.7647e-12,1.06e-13,1.6683e-10,9.3727e-11,2.1285e-12,0,0,0,1,3,3.9526e-12,-2.9945,20.049,1.2269e-18,4.5747e-17,0,2.2345e-12,1,0.002349,0.0015,0.002349,5e-06
1.7472e-08,2.5e-16,22.076,0.76255,1.5116e-05,0.20083,0.001675,0.047592,0.014034,3.3172e-09,0.18971,2.2323e-26,5.1334e-13,-5.2091e-14,0,8.3083e-12,7.7647e-12,1.06e-13,1.6691e-10,9.3771e-11,2.1295e-12,0,0,0,1,3,3.9558e-12,-3.0239,20.049,1.2269e-18,4.5785e-17,0,2.2355e-12,1,0.002352,0.0015,0.002352,5e-06
1.748e-08,2.5e-16,22.117,0.76272,1.5152e-05,0.20083,0.0016673,0.047603,0.014039,3.3186e-09,0.18976,2.3105e-26,5.1314e-13,-5.2223e-14,0,8.3083e-12,7.7647e-12,1.06e-13,1.6699e-10,9.3814e-11,2.1305e-12,0,0,0,1,3,3.959e-12,-3.0534,20.049,1.2269e-18,4.5822e-17,0,2.2365e-12,1,0.002355,0.0015,0.002355,5e-06
1.7491e-08,2.5e-16,22.172,0.76289,1.5188e-05,0.20082,0.0016596,0.047614,0.014043,3.3204e-09,0.18981,2.316e-26,5.1263e-13,-5.2353e-14,0,8.3083e-12,7.7647e-12,1.06e-13,1.6709e-10,9.3869e-11,2.1317e-12,0,0,0,1,3,3.9632e-12,-3.0828,20.049,1.2269e-18,4.587e-17,0,2.2377e-12,1,0.002358,0.0015,0.002358,5e-06
1.7501e-08,2.5e-16,22.227,0.76307,1.5224e-05,0.20082,0.001652,0.047626,0.014048,3.3222e-09,0.18986,2.3215e-26,5.1211e-13,-5.2483e-14,0,8.3083e-12,7.7647e-12,1.06e-13,1.6719e-10,9.3925e-11,2.133e-12,0,0,0,1,3,3.9674e-12,-3.1122,20.049,1.2269e-18,4.5919e-17,0,2.239e-12,1,0.002361,0.0015,0.002361,5e-06
1.7512e-08,2.5e-16,22.286,0.76324,1.526e-05,0.20081,0.0016443,0.047637,0.014052,3.3241e-09,0.1899,2.1925e-26,5.1165e-13,-5.2743e-14,0,8.3083e-12,7.7647e-12,1.06e-13,1.6729e-10,9.3984e-11,2.1343e-12,0,0,0,1,3,3.9718e-12,-3.1417,20.049,1.2269e-18,4.597e-17,0,2.2403e-12,1,0.002364,0.0015,0.002364,5e-06
1.7524e-08,2.5e-16,22.348,0.76342,1.5295e-05,0.20081,0.0016366,0.047648,0.014057,3.3262e-09,0.18995,1.929e-26,5.1124e-13,-5.3133e-14,0,8.3083e-12,7.7647e-12,1.06e-13,1.674e-10,9.4047e-11,2.1358e-12,0,0,0,1,3,3.9765e-12,-3.1711,20.049,1.2269e-18,4.6024e-17,0,2.2418e-12,1,0.002367,0.0015,0.002367,5e-06
1.7535e-08,2.5e-16,22.41,0.76359,1.5331e-05,0.20081,0.001629,0.047659,0.014061,3.3282e-09,0.19,1.6656e-26,5.1082e-13,-5.3523e-14,0,8.3083e-12,7.7647e-12,1.06e-13,1.6752e-10,9.411e-11,2.1372e-12,0,0,0,1,3,3.9812e-12,-3.2005,20.049,1.2269e-18,4.6079e-17,0,2.2432e-12,1,0.00237,0.0015,0.00237,5e-06
1.7547e-08,2.5e-16,22.472,0.76376,1.5366e-05,0.2008,0.0016213,0.04767,0.014066,3.3303e-09,0.19005,1.4971e-26,5.1038e-13,-5.4008e-14,0,8.3083e-12,7.7647e-12,1.06e-13,1.6763e-10,9.4171e-11,2.1386e-12,0,0,0,1,3,3.9859e-12,-3.2299,20.049,1.2269e-18,4.6133e-17,0,2.2446e-12,1,0.002373,0.0015,0.002373,5e-06
1.7559e-08,2.5e-16,22.534,0.76394,1.5401e-05,0.2008,0.0016136,0.047681,0.01407,3.3323e-09,0.19009,1.3285e-26,5.0994e-13,-5.4493e-14,0,8.3083e-12,7.7647e-12,1.06e-13,1.6774e-10,9.4233e-11,2.14e-12,0,0,0,1,3,3.9905e-12,-3.2594,20.049,1.2269e-18,4.6186e-17,0,2.246e-12,1,0.002376,0.0015,0.002376,5e-06
1.7569e-08,2.5e-16,22.592,0.76411,1.5435e-05,0.2008,0.001606,0.047693,0.014075,3.3342e-09,0.19014,1.2328e-26,5.0951e-13,-5.5016e-14,0,8.3083e-12,7.7647e-12,1.06e-13,1.6784e-10,9.4291e-11,2.1413e-12,0,0,0,1,3,3.9949e-12,-3.2888,20.049,1.2269e-18,4.6237e-17,0,2.2473e-12,1,0.002379,0.0015,0.002379,5e-06
1.7579e-08,2.5e-16,22.647,0.76428,1.547e-05,0.20079,0.0015983,0.047704,0.014079,3.3359e-09,0.19019,1.2099e-26,5.0909e-13,-5.5576e-14,0,8.3083e-12,7.7647e-12,1.06e-13,1.6794e-10,9.4346e-11,2.1425e-12,0,0,0,1,3,3.9989e-12,-3.3182,20.049,1.2269e-18,4.6284e-17,0,2.2485e-12,1,0.002382,0.0015,0.002382,5e-06
1.7589e-08,2.5e-16,22.701,0.76446,1.5504e-05,0.20079,0.0015906,0.047715,0.014084,3.3377e-09,0.19024,1.1869e-26,5.0867e-13,-5.6136e-14,0,8.3083e-12,7.7647e-12,1.06e-13,1.6803e-10,9.44e-11,2.1438e-12,0,0,0,1,3,4.003e-12,-3.3477,20.049,1.2269e-18,4.6331e-17,0,2.2498e-12,1,0.002385,0.0015,0.002385,5e-06
1.7597e-08,2.5e-16,22.742,0.76463,1.5538e-05,0.20078,0.001583,0.047726,0.014088,3.339e-09,0.19029,1.1531e-26,5.0829e-13,-5.6896e-14,0,8.3083e-12,7.7647e-12,1.06e-13,1.681e-10,9.444e-11,2.1447e-12,0,0,0,1,3,4.006e-12,-3.3771,20.049,1.2269e-18,4.6366e-17,0,2.2507e-12,1,0.002388,0.0015,0.002388,5e-06
1.7605e-08,2.5e-16,22.783,0.7648,1.5572e-05,0.20078,0.0015753,0.047737,0.014093,3.3404e-09,0.19033,1.1193e-26,5.0792e-13,-5.7655e-14,0,8.3083e-12,7.7647e-12,1.06e-13,1.6818e-10,9.4481e-11,2.1456e-12,0,0,0,1,3,4.0091e-12,-3.4065,20.049,1.2269e-18,4.6401e-17,0,2.2516e-12,1,0.002391,0.0015,0.002391,5e-06
1.7611e-08,2.5e-16,22.816,0.76498,1.5606e-05,0.20078,0.0015676,0.047748,0.014097,3.3415e-09,0.19038,1.112e-26,5.0761e-13,-5.8216e-14,0,8.3083e-12,7.7647e-12,1.06e-13,1.6824e-10,9.4514e-11,2.1464e-12,0,0,0,1,3,4.0115e-12,-3.436,20.049,1.2269e-18,4.643e-17,0,2.2524e-12,1,0.002394,0.0015,0.002394,5e-06
1.7616e-08,2.5e-16,22.841,0.76515,1.5639e-05,0.20077,0.00156,0.047759,0.014102,3.3423e-09,0.19043,1.1313e-26,5.0735e-13,-5.8577e-14,0,8.3083e-12,7.7647e-12,1.06e-13,1.6828e-10,9.454e-11,2.1469e-12,0,0,0,1,3,4.0134e-12,-3.4654,20.049,1.2269e-18,4.6452e-17,0,2.2529e-12,1,0.002397,0.0015,0.002397,5e-06
1.762e-08,2.5e-16,22.866,0.76532,1.5673e-05,0.20077,0.0015523,0.047771,0.014106,3.3431e-09,0.19048,1.1505e-26,5.071e-13,-5.8938e-14,0,8.3083e-12,7.7647e-12,1.06e-13,1.6833e-10,9.4565e-11,2.1475e-12,0,0,0,1,3,4.0153e-12,-3.4948,20.049,1.2269e-18,4.6473e-17,0,2.2535e-12,1,0.0024,0.0015,0.0024,5e-06
1.7623e-08,2.5e-16,22.877,0.7655,1.5706e-05,0.20076,0.0015446,0.047782,0.01411,3.3435e-09,0.19052,1.2799e-26,5.0668e-13,-5.9433e-14,0,8.3083e-12,7.7647e-12,1.06e-13,1.6835e-10,9.4578e-11,2.1478e-12,0,0,0,1,3,4.0162e-12,-3.5242,20.049,1.2269e-18,4.6484e-17,0,2.2538e-12,1,0.002403,0.0015,0.002403,5e-06
1.7625e-08,2.5e-16,22.888,0.76567,1.5739e-05,0.20076,0.001537,0.047793,0.014115,3.3439e-09,0.19057,1.4092e-26,5.0627e-13,-5.9927e-14,0,8.3083e-12,7.7647e-12,1.06e-13,1.6837e-10,9.459e-11,2.1481e-12,0,0,0,1,3,4.0171e-12,-3.5537,20.049,1.2269e-18,4.6494e-17,0,2.2541e-12,1,0.002406,0.0015,0.002406,5e-06
1.7626e-08,2.5e-16,22.895,0.76584,1.5772e-05,0.20076,0.0015293,0.047804,0.014119,3.3442e-09,0.19062,1.4994e-26,5.0563e-13,-6.0465e-14,0,8.3083e-12,7.7647e-12,1.06e-13,1.6838e-10,9.4598e-11,2.1483e-12,0,0,0,1,3,4.0176e-12,-3.5831,20.049,1.2269e-18,4.65e-17,0,2.2543e-12,1,0.002409,0.0015,0.002409,5e-06
1.7627e-08,2.5e-16,22.898,0.76602,1.5804e-05,0.20075,0.0015216,0.047815,0.014124,3.3443e-09,0.19067,1.5502e-26,5.0476e-13,-6.1045e-14,0,8.3083e-12,7.7647e-12,1.06e-13,1.6839e-10,9.4602e-11,2.1484e-12,0,0,0,1,3,4.0179e-12,-3.6125,20.049,1.2269e-18,4.6504e-17,0,2.2544e-12,1,0.002412,0.0015,0.002412,5e-06
1.7628e-08,2.5e-16,22.9,0.76619,1.5837e-05,0.20075,0.001514,0.047826,0.014128,3.3445e-09,0.19071,1.6011e-26,5.0389e-13,-6.1625e-14,0,8.3083e-12,7.7647e-12,1.06e-13,1.684e-10,9.4607e-11,2.1485e-12,0,0,0,1,3,4.0182e-12,-3.642,20.049,1.2269e-18,4.6507e-17,0,2.2545e-12,1,0.002415,0.0015,0.002415,5e-06
1.7629e-08,2.5e-16,22.903,0.76636,1.5869e-05,0.20075,0.0015063,0.047837,0.014133,3.3446e-09,0.19076,1.4955e-26,5.0305e-13,-6.2176e-14,0,8.3083e-12,7.7647e-12,1.06e-13,1.6841e-10,9.4611e-11,2.1486e-12,0,0,0,1,3,4.0184e-12,-3.6714,20.049,1.2269e-18,4.651e-17,0,2.2546e-12,1,0.002418,0.0015,0.002418,5e-06
1.763e-08,2.5e-16,22.905,0.76654,1.5901e-05,0.20074,0.0014986,0.047849,0.014137,3.3447e-09,0.19081,1.39e-26,5.022e-13,-6.2726e-14,0,8.3083e-12,7.7647e-12,1.06e-13,1.6841e-10,9.4615e-11,2.1487e-12,0,0,0,1,3,4.0187e-12,-3.7008,20.049,1.2269e-18,4.6513e-17,0,2.2547e-12,1,0.002421,0.0015,0.002421,5e-06
1.7631e-08,2.5e-16,22.912,0.76671,1.5933e-05,0.20074,0.001491,0.04786,0.014142,3.345e-09,0.19086,1.452e-26,5.0126e-13,-6.318e-14,0,8.3083e-12,7.7647e-12,1.06e-13,1.6843e-10,9.4623e-11,2.1488e-12,0,0,0,1,3,4.0192e-12,-3.7303,20.049,1.2269e-18,4.6519e-17,0,2.2548e-12,1,0.002424,0.0015,0.002424,5e-06
1.7633e-08,2.5e-16,22.922,0.76688,1.5965e-05,0.20073,0.0014833,0.047871,0.014146,3.3454e-09,0.1909,1.6816e-26,5.0023e-13,-6.3539e-14,0,8.3083e-12,7.7647e-12,1.06e-13,1.6845e-10,9.4634e-11,2.1491e-12,0,0,0,1,3,4.02e-12,-3.7597,20.049,1.2269e-18,4.6528e-17,0,2.2551e-12,1,0.002427,0.0015,0.002427,5e-06
1.7635e-08,2.5e-16,22.933,0.76706,1.5997e-05,0.20073,0.0014756,0.047882,0.014151,3.3457e-09,0.19095,1.9112e-26,4.9919e-13,-6.3897e-14,0,8.3083e-12,7.7647e-12,1.06e-13,1.6847e-10,9.4646e-11,2.1494e-12,0,0,0,1,3,4.0209e-12,-3.7891,20.049,1.2269e-18,4.6538e-17,0,2.2553e-12,1,0.00243,0.0015,0.00243,5e-06
1.764e-08,2.5e-16,22.957,0.76723,1.6028e-05,0.20073,0.001468,0.047893,0.014155,3.3466e-09,0.191,1.9943e-26,4.9778e-13,-6.4495e-14,0,8.3083e-12,7.7647e-12,1.06e-13,1.6851e-10,9.4671e-11,2.1499e-12,0,0,0,1,3,4.0227e-12,-3.8185,20.049,1.2269e-18,4.6559e-17,0,2.2559e-12,1,0.002433,0.0015,0.002433,5e-06
1.7645e-08,2.5e-16,22.982,0.7674,1.6059e-05,0.20072,0.0014603,0.047904,0.01416,3.3474e-09,0.19105,2.0773e-26,4.9638e-13,-6.5094e-14,0,8.3083e-12,7.7647e-12,1.06e-13,1.6856e-10,9.4696e-11,2.1505e-12,0,0,0,1,3,4.0246e-12,-3.848,20.049,1.2269e-18,4.658e-17,0,2.2565e-12,1,0.002436,0.0015,0.002436,5e-06
1.7651e-08,2.5e-16,23.015,0.76758,1.609e-05,0.20072,0.0014526,0.047916,0.014164,3.3485e-09,0.1911,1.9847e-26,4.9493e-13,-6.5868e-14,0,8.3083e-12,7.7647e-12,1.06e-13,1.6862e-10,9.4728e-11,2.1512e-12,0,0,0,1,3,4.027e-12,-3.8774,20.049,1.2269e-18,4.6609e-17,0,2.2572e-12,1,0.002439,0.0015,0.002439,5e-06
1.7658e-08,2.5e-16,23.056,0.76775,1.6121e-05,0.20071,0.001445,0.047927,0.014169,3.3498e-09,0.19114,1.7164e-26,4.9344e-13,-6.6819e-14,0,8.3083e-12,7.7647e-12,1.06e-13,1.6869e-10,9.4769e-11,2.1522e-12,0,0,0,1,3,4.03e-12,-3.9068,20.049,1.2269e-18,4.6644e-17,0,2.2582e-12,1,0.002442,0.0015,0.002442,5e-06
1.7666e-08,2.5e-16,23.097,0.76793,1.6152e-05,0.20071,0.0014373,0.047938,0.014173,3.3511e-09,0.19119,1.4482e-26,4.9196e-13,-6.777e-14,0,8.3083e-12,7.7647e-12,1.06e-13,1.6876e-10,9.481e-11,2.1531e-12,0,0,0,1,3,4.0331e-12,-3.9363,20.049,1.2269e-18,4.6679e-17,0,2.2591e-12,1,0.002445,0.0015,0.002445,5e-06
1.7676e-08,2.5e-16,23.153,0.7681,1.6182e-05,0.20071,0.0014296,0.047949,0.014178,3.3529e-09,0.19124,1.3999e-26,4.9041e-13,-6.8558e-14,0,8.3083e-12,7.7647e-12,1.06e-13,1.6886e-10,9.4864e-11,2.1543e-12,0,0,0,1,3,4.0372e-12,-3.9657,20.049,1.2269e-18,4.6726e-17,0,2.2603e-12,1,0.002448,0.0015,0.002448,5e-06
1.7686e-08,2.5e-16,23.209,0.76827,1.6213e-05,0.2007,0.001422,0.04796,0.014182,3.3547e-09,0.19129,1.3516e-26,4.8886e-13,-6.9347e-14,0,8.3083e-12,7.7647e-12,1.06e-13,1.6896e-10,9.4919e-11,2.1556e-12,0,0,0,1,3,4.0413e-12,-3.9951,20.049,1.2269e-18,4.6774e-17,0,2.2616e-12,1,0.002451,0.0015,0.002451,5e-06
1.7697e-08,2.5e-16,23.27,0.76845,1.6243e-05,0.2007,0.0014143,0.047971,0.014186,3.3566e-09,0.19133,1.3375e-26,4.8724e-13,-7.0022e-14,0,8.3083e-12,7.7647e-12,1.06e-13,1.6906e-10,9.4977e-11,2.1569e-12,0,0,0,1,3,4.0457e-12,-4.0246,20.049,1.2269e-18,4.6825e-17,0,2.2629e-12,1,0.002454,0.0015,0.002454,5e-06
1.7709e-08,2.5e-16,23.335,0.76862,1.6273e-05,0.2007,0.0014067,0.047982,0.014191,3.3586e-09,0.19138,1.3575e-26,4.8555e-13,-7.0585e-14,0,8.3083e-12,7.7647e-12,1.06e-13,1.6917e-10,9.504e-11,2.1583e-12,0,0,0,1,3,4.0503e-12,-4.054,20.049,1.2269e-18,4.6879e-17,0,2.2643e-12,1,0.002457,0.0015,0.002457,5e-06
1.772e-08,2.5e-16,23.4,0.76879,1.6303e-05,0.20069,0.001399,0.047994,0.014195,3.3607e-09,0.19143,1.3775e-26,4.8386e-13,-7.1147e-14,0,8.3083e-12,7.7647e-12,1.06e-13,1.6928e-10,9.5102e-11,2.1597e-12,0,0,0,1,3,4.055e-12,-4.0834,20.049,1.2269e-18,4.6933e-17,0,2.2657e-12,1,0.00246,0.0015,0.00246,5e-06
1.7732e-08,2.5e-16,23.466,0.76897,1.6332e-05,0.20069,0.0013913,0.048005,0.0142,3.3627e-09,0.19148,1.4913e-26,4.8193e-13,-7.1773e-14,0,8.3083e-12,7.7647e-12,1.06e-13,1.6939e-10,9.5164e-11,2.1611e-12,0,0,0,1,3,4.0597e-12,-4.1128,20.049,1.2269e-18,4.6988e-17,0,2.2671e-12,1,0.002463,0.0015,0.002463,5e-06
1.7744e-08,2.5e-16,23.531,0.76914,1.6362e-05,0.20068,0.0013837,0.048016,0.014204,3.3647e-09,0.19152,1.6051e-26,4.8e-13,-7.2399e-14,0,8.3083e-12,7.7647e-12,1.06e-13,1.695e-10,9.5227e-11,2.1625e-12,0,0,0,1,3,4.0644e-12,-4.1423,20.049,1.2269e-18,4.7042e-17,0,2.2685e-12,1,0.002466,0.0015,0.002466,5e-06
1.7754e-08,2.5e-16,23.592,0.76931,1.6391e-05,0.20068,0.001376,0.048027,0.014209,3.3666e-09,0.19157,1.6092e-26,4.782e-13,-7.2938e-14,0,8.3083e-12,7.7647e-12,1.06e-13,1.6961e-10,9.5285e-11,2.1639e-12,0,0,0,1,3,4.0688e-12,-4.1717,20.049,1.2269e-18,4.7093e-17,0,2.2699e-12,1,0.002469,0.0015,0.002469,5e-06
1.7765e-08,2.5e-16,23.649,0.76949,1.642e-05,0.20068,0.0013683,0.048038,0.014213,3.3684e-09,0.19162,1.5037e-26,4.7654e-13,-7.3389e-14,0,8.3083e-12,7.7647e-12,1.06e-13,1.697e-10,9.5339e-11,2.1651e-12,0,0,0,1,3,4.0729e-12,-4.2011,20.049,1.2269e-18,4.714e-17,0,2.2711e-12,1,0.002472,0.0015,0.002472,5e-06
1.7775e-08,2.5e-16,23.706,0.76966,1.645e-05,0.20067,0.0013607,0.048049,0.014218,3.3702e-09,0.19167,1.3982e-26,4.7488e-13,-7.384e-14,0,8.3083e-12,7.7647e-12,1.06e-13,1.698e-10,9.5393e-11,2.1663e-12,0,0,0,1,3,4.077e-12,-4.2306,20.049,1.2269e-18,4.7187e-17,0,2.2723e-12,1,0.002475,0.0015,0.002475,5e-06
1.7782e-08,2.5e-16,23.749,0.76983,1.6478e-05,0.20067,0.001353,0.04806,0.014222,3.3715e-09,0.19172,1.177e-26,4.728e-13,-7.4387e-14,0,8.3083e-12,7.7647e-12,1.06e-13,1.6987e-10,9.5434e-11,2.1672e-12,0,0,0,1,3,4.08e-12,-4.26,20.049,1.2269e-18,4.7222e-17,0,2.2732e-12,1,0.002478,0.0015,0.002478,5e-06
1.779e-08,2.5e-16,23.791,0.77001,1.6507e-05,0.20066,0.0013453,0.048072,0.014227,3.3728e-09,0.19176,9.5579e-27,4.7071e-13,-7.4934e-14,0,8.3083e-12,7.7647e-12,1.06e-13,1.6994e-10,9.5474e-11,2.1682e-12,0,0,0,1,3,4.083e-12,-4.2894,20.049,1.2269e-18,4.7257e-17,0,2.2742e-12,1,0.002481,0.0015,0.002481,5e-06
1.7796e-08,2.5e-16,23.824,0.77018,1.6536e-05,0.20066,0.0013377,0.048083,0.014231,3.3739e-09,0.19181,8.7982e-27,4.6866e-13,-7.5488e-14,0,8.3083e-12,7.7647e-12,1.06e-13,1.7e-10,9.5506e-11,2.1689e-12,0,0,0,1,3,4.0854e-12,-4.3189,20.049,1.2269e-18,4.7285e-17,0,2.2749e-12,1,0.002484,0.0015,0.002484,5e-06
1.78e-08,2.5e-16,23.849,0.77035,1.6564e-05,0.20066,0.00133,0.048094,0.014236,3.3747e-09,0.19186,9.4909e-27,4.6664e-13,-7.6052e-14,0,8.3083e-12,7.7647e-12,1.06e-13,1.7004e-10,9.553e-11,2.1694e-12,0,0,0,1,3,4.0872e-12,-4.3483,20.049,1.2269e-18,4.7306e-17,0,2.2754e-12,1,0.002487,0.0015,0.002487,5e-06
1.7805e-08,2.5e-16,23.874,0.77053,1.6593e-05,0.20065,0.0013223,0.048105,0.01424,3.3754e-09,0.19191,1.0184e-26,4.6463e-13,-7.6615e-14,0,8.3083e-12,7.7647e-12,1.06e-13,1.7009e-10,9.5555e-11,2.17e-12,0,0,0,1,3,4.089e-12,-4.3777,20.049,1.2269e-18,4.7327e-17,0,2.276e-12,1,0.00249,0.0015,0.00249,5e-06
1.7807e-08,2.5e-16,23.884,0.7707,1.6621e-05,0.20065,0.0013147,0.048116,0.014245,3.3758e-09,0.19195,1.2349e-26,4.627e-13,-7.7141e-14,0,8.3083e-12,7.7647e-12,1.06e-13,1.7011e-10,9.5565e-11,2.1702e-12,0,0,0,1,3,4.0898e-12,-4.4071,20.049,1.2269e-18,4.7335e-17,0,2.2762e-12,1,0.002493,0.0015,0.002493,5e-06
1.7809e-08,2.5e-16,23.894,0.77087,1.6649e-05,0.20065,0.001307,0.048127,0.014249,3.3761e-09,0.192,1.4514e-26,4.6077e-13,-7.7667e-14,0,8.3083e-12,7.7647e-12,1.06e-13,1.7013e-10,9.5576e-11,2.1705e-12,0,0,0,1,3,4.0905e-12,-4.4366,20.049,1.2269e-18,4.7344e-17,0,2.2765e-12,1,0.002496,0.0015,0.002496,5e-06
1.781e-08,2.5e-16,23.899,0.77105,1.6677e-05,0.20064,0.0012993,0.048139,0.014254,3.3764e-09,0.19205,1.6315e-26,4.5869e-13,-7.8101e-14,0,8.3083e-12,7.7647e-12,1.06e-13,1.7014e-10,9.5583e-11,2.1706e-12,0,0,0,1,3,4.091e-12,-4.466,20.049,1.2269e-18,4.7349e-17,0,2.2766e-12,1,0.002499,0.0015,0.002499,5e-06
1.781e-08,2.5e-16,23.901,0.77122,1.6704e-05,0.20064,0.0012917,0.04815,0.014258,3.3765e-09,0.1921,1.7751e-26,4.5647e-13,-7.8443e-14,0,8.3083e-12,7.7647e-12,1.06e-13,1.7014e-10,9.5586e-11,2.1707e-12,0,0,0,1,3,4.0912e-12,-4.4954,20.049,1.2269e-18,4.7351e-17,0,2.2767e-12,1,0.002502,0.0015,0.002502,5e-06
1.7811e-08,2.5e-16,23.902,0.77139,1.6732e-05,0.20063,0.001284,0.048161,0.014263,3.3766e-09,0.19214,1.9188e-26,4.5425e-13,-7.8784e-14,0,8.3083e-12,7.7647e-12,1.06e-13,1.7015e-10,9.5589e-11,2.1708e-12,0,0,0,1,3,4.0913e-12,-4.5249,20.049,1.2269e-18,4.7353e-17,0,2.2768e-12,1,0.002505,0.0015,0.002505,5e-06
1.7812e-08,2.5e-16,23.905,0.77157,1.6759e-05,0.20063,0.0012764,0.048172,0.014267,3.3767e-09,0.19219,1.9541e-26,4.5188e-13,-7.8837e-14,0,8.3083e-12,7.7647e-12,1.06e-13,1.7015e-10,9.5592e-11,2.1709e-12,0,0,0,1,3,4.0916e-12,-4.5543,20.049,1.2269e-18,4.7356e-17,0,2.2769e-12,1,0.002508,0.0015,0.002508,5e-06
1.7812e-08,2.5e-16,23.907,0.77174,1.6786e-05,0.20063,0.0012687,0.048183,0.014271,3.3768e-09,0.19224,1.9894e-26,4.4951e-13,-7.8889e-14,0,8.3083e-12,7.7647e-12,1.06e-13,1.7016e-10,9.5596e-11,2.1709e-12,0,0,0,1,3,4.0918e-12,-4.5837,20.049,1.2269e-18,4.7359e-17,0,2.2769e-12,1,0.002511,0.0015,0.002511,5e-06
1.7814e-08,2.5e-16,23.915,0.77191,1.6814e-05,0.20062,0.001261,0.048194,0.014276,3.3771e-09,0.19229,2.0797e-26,4.4723e-13,-7.8964e-14,0,8.3083e-12,7.7647e-12,1.06e-13,1.7018e-10,9.5605e-11,2.1711e-12,0,0,0,1,3,4.0924e-12,-4.6132,20.049,1.2269e-18,4.7366e-17,0,2.2771e-12,1,0.002514,0.0015,0.002514,5e-06
1.7816e-08,2.5e-16,23.927,0.77209,1.6841e-05,0.20062,0.0012534,0.048205,0.01428,3.3775e-09,0.19233,2.2248e-26,4.4503e-13,-7.9064e-14,0,8.3083e-12,7.7647e-12,1.06e-13,1.702e-10,9.5618e-11,2.1714e-12,0,0,0,1,3,4.0933e-12,-4.6426,20.049,1.2269e-18,4.7376e-17,0,2.2774e-12,1,0.002517,0.0015,0.002517,5e-06
1.7819e-08,2.5e-16,23.94,0.77226,1.6867e-05,0.20061,0.0012457,0.048217,0.014285,3.3779e-09,0.19238,2.3699e-26,4.4283e-13,-7.9163e-14,0,8.3083e-12,7.7647e-12,1.06e-13,1.7022e-10,9.5631e-11,2.1717e-12,0,0,0,1,3,4.0943e-12,-4.672,20.049,1.2269e-18,4.7387e-17,0,2.2777e-12,1,0.00252,0.0015,0.00252,5e-06
1.7824e-08,2.5e-16,23.969,0.77243,1.6894e-05,0.20061,0.001238,0.048228,0.014289,3.3788e-09,0.19243,2.1455e-26,4.4071e-13,-7.9489e-14,0,8.3083e-12,7.7647e-12,1.06e-13,1.7027e-10,9.5659e-11,2.1724e-12,0,0,0,1,3,4.0963e-12,-4.7014,20.049,1.2269e-18,4.7411e-17,0,2.2784e-12,1,0.002523,0.0015,0.002523,5e-06
1.7829e-08,2.5e-16,23.998,0.77261,1.6921e-05,0.20061,0.0012304,0.048239,0.014294,3.3798e-09,0.19248,1.9211e-26,4.386e-13,-7.9815e-14,0,8.3083e-12,7.7647e-12,1.06e-13,1.7032e-10,9.5687e-11,2.173e-12,0,0,0,1,3,4.0984e-12,-4.7309,20.049,1.2269e-18,4.7435e-17,0,2.279e-12,1,0.002526,0.0015,0.002526,5e-06
1.7836e-08,2.5e-16,24.036,0.77278,1.6947e-05,0.2006,0.0012227,0.04825,0.014298,3.3809e-09,0.19252,1.7343e-26,4.3647e-13,-8.0162e-14,0,8.3083e-12,7.7647e-12,1.06e-13,1.7039e-10,9.5723e-11,2.1738e-12,0,0,0,1,3,4.1011e-12,-4.7603,20.049,1.2269e-18,4.7467e-17,0,2.2798e-12,1,0.002529,0.0015,0.002529,5e-06
1.7844e-08,2.5e-16,24.084,0.77295,1.6973e-05,0.2006,0.0012151,0.048261,0.014303,3.3824e-09,0.19257,1.5851e-26,4.3433e-13,-8.0529e-14,0,8.3083e-12,7.7647e-12,1.06e-13,1.7047e-10,9.5767e-11,2.1748e-12,0,0,0,1,3,4.1045e-12,-4.7897,20.049,1.2269e-18,4.7505e-17,0,2.2808e-12,1,0.002532,0.0015,0.002532,5e-06
1.7853e-08,2.5e-16,24.131,0.77313,1.7e-05,0.2006,0.0012074,0.048272,0.014307,3.3838e-09,0.19262,1.4359e-26,4.322e-13,-8.0896e-14,0,8.3083e-12,7.7647e-12,1.06e-13,1.7054e-10,9.5812e-11,2.1758e-12,0,0,0,1,3,4.1078e-12,-4.8192,20.049,1.2269e-18,4.7544e-17,0,2.2818e-12,1,0.002535,0.0015,0.002535,5e-06
1.7863e-08,2.5e-16,24.194,0.7733,1.7025e-05,0.20059,0.0011997,0.048283,0.014312,3.3857e-09,0.19267,1.501e-26,4.3038e-13,-8.1236e-14,0,8.3083e-12,7.7647e-12,1.06e-13,1.7065e-10,9.587e-11,2.1771e-12,0,0,0,1,3,4.1122e-12,-4.8486,20.049,1.2269e-18,4.7595e-17,0,2.2831e-12,1,0.002538,0.0015,0.002538,5e-06
1.7874e-08,2.5e-16,24.256,0.77347,1.7051e-05,0.20059,0.0011921,0.048295,0.014316,3.3876e-09,0.19271,1.566e-26,4.2857e-13,-8.1576e-14,0,8.3083e-12,7.7647e-12,1.06e-13,1.7075e-10,9.5927e-11,2.1785e-12,0,0,0,1,3,4.1165e-12,-4.878,20.049,1.2269e-18,4.7645e-17,0,2.2845e-12,1,0.002541,0.0015,0.002541,5e-06
1.7885e-08,2.5e-16,24.323,0.77365,1.7077e-05,0.20058,0.0011844,0.048306,0.014321,3.3896e-09,0.19276,1.5878e-26,4.2681e-13,-8.1971e-14,0,8.3083e-12,7.7647e-12,1.06e-13,1.7086e-10,9.5988e-11,2.1798e-12,0,0,0,1,3,4.1211e-12,-4.9075,20.049,1.2269e-18,4.7698e-17,0,2.2858e-12,1,0.002544,0.0015,0.002544,5e-06
1.7897e-08,2.5e-16,24.393,0.77382,1.7103e-05,0.20058,0.0011767,0.048317,0.014325,3.3917e-09,0.19281,1.5663e-26,4.2511e-13,-8.2422e-14,0,8.3083e-12,7.7647e-12,1.06e-13,1.7097e-10,9.6052e-11,2.1813e-12,0,0,0,1,3,4.1259e-12,-4.9369,20.049,1.2269e-18,4.7754e-17,0,2.2873e-12,1,0.002547,0.0015,0.002547,5e-06
1.7909e-08,2.5e-16,24.462,0.774,1.7128e-05,0.20058,0.0011691,0.048328,0.01433,3.3938e-09,0.19286,1.5448e-26,4.2341e-13,-8.2872e-14,0,8.3083e-12,7.7647e-12,1.06e-13,1.7109e-10,9.6115e-11,2.1827e-12,0,0,0,1,3,4.1307e-12,-4.9663,20.049,1.2269e-18,4.7809e-17,0,2.2887e-12,1,0.00255,0.0015,0.00255,5e-06
1.792e-08,2.5e-16,24.529,0.77417,1.7153e-05,0.20057,0.0011614,0.048339,0.014334,3.3957e-09,0.19291,1.5097e-26,4.2182e-13,-8.3265e-14,0,8.3083e-12,7.7647e-12,1.06e-13,1.7119e-10,9.6176e-11,2.1841e-12,0,0,0,1,3,4.1353e-12,-4.9957,20.049,1.2269e-18,4.7862e-17,0,2.2901e-12,1,0.002553,0.0015,0.002553,5e-06
1.7932e-08,2.5e-16,24.596,0.77434,1.7179e-05,0.20057,0.0011537,0.04835,0.014338,3.3977e-09,0.19295,1.4745e-26,4.2022e-13,-8.3658e-14,0,8.3083e-12,7.7647e-12,1.06e-13,1.713e-10,9.6237e-11,2.1855e-12,0,0,0,1,3,4.1399e-12,-5.0252,20.049,1.2269e-18,4.7915e-17,0,2.2915e-12,1,0.002556,0.0015,0.002556,5e-06
1.7942e-08,2.5e-16,24.657,0.77452,1.7204e-05,0.20056,0.0011461,0.048361,0.014343,3.3995e-09,0.193,1.4686e-26,4.1867e-13,-8.3888e-14,0,8.3083e-12,7.7647e-12,1.06e-13,1.714e-10,9.6292e-11,2.1867e-12,0,0,0,1,3,4.1441e-12,-5.0546,20.049,1.2269e-18,4.7964e-17,0,2.2927e-12,1,0.002559,0.0015,0.002559,5e-06
1.7951e-08,2.5e-16,24.712,0.77469,1.7229e-05,0.20056,0.0011384,0.048373,0.014347,3.4011e-09,0.19305,1.4919e-26,4.1717e-13,-8.3956e-14,0,8.3083e-12,7.7647e-12,1.06e-13,1.7149e-10,9.6341e-11,2.1879e-12,0,0,0,1,3,4.1478e-12,-5.084,20.049,1.2269e-18,4.8007e-17,0,2.2939e-12,1,0.002562,0.0015,0.002562,5e-06
1.7961e-08,2.5e-16,24.767,0.77486,1.7254e-05,0.20056,0.0011308,0.048384,0.014352,3.4028e-09,0.1931,1.5152e-26,4.1566e-13,-8.4025e-14,0,8.3083e-12,7.7647e-12,1.06e-13,1.7158e-10,9.6391e-11,2.189e-12,0,0,0,1,3,4.1515e-12,-5.1135,20.049,1.2269e-18,4.805e-17,0,2.295e-12,1,0.002565,0.0015,0.002565,5e-06
1.7967e-08,2.5e-16,24.803,0.77504,1.7278e-05,0.20055,0.0011231,0.048395,0.014356,3.4039e-09,0.19314,1.5854e-26,4.1418e-13,-8.4147e-14,0,8.3083e-12,7.7647e-12,1.06e-13,1.7164e-10,9.6424e-11,2.1897e-12,0,0,0,1,3,4.154e-12,-5.1429,20.049,1.2269e-18,4.8079e-17,0,2.2957e-12,1,0.002568,0.0015,0.002568,5e-06
1.7973e-08,2.5e-16,24.84,0.77521,1.7303e-05,0.20055,0.0011154,0.048406,0.014361,3.4049e-09,0.19319,1.6557e-26,4.127e-13,-8.4269e-14,0,8.3083e-12,7.7647e-12,1.06e-13,1.7169e-10,9.6458e-11,2.1905e-12,0,0,0,1,3,4.1565e-12,-5.1723,20.049,1.2269e-18,4.8108e-17,0,2.2965e-12,1,0.002571,0.0015,0.002571,5e-06
1.7978e-08,2.5e-16,24.867,0.77538,1.7327e-05,0.20055,0.0011078,0.048417,0.014365,3.4058e-09,0.19324,1.6142e-26,4.1142e-13,-8.4492e-14,0,8.3083e-12,7.7647e-12,1.06e-13,1.7174e-10,9.6483e-11,2.1911e-12,0,0,0,1,3,4.1584e-12,-5.2018,20.049,1.2269e-18,4.813e-17,0,2.2971e-12,1,0.002574,0.0015,0.002574,5e-06
1.7981e-08,2.5e-16,24.884,0.77556,1.7352e-05,0.20054,0.0011001,0.048428,0.01437,3.4063e-09,0.19329,1.4612e-26,4.1033e-13,-8.4815e-14,0,8.3083e-12,7.7647e-12,1.06e-13,1.7177e-10,9.65e-11,2.1915e-12,0,0,0,1,3,4.1596e-12,-5.2312,20.049,1.2269e-18,4.8144e-17,0,2.2975e-12,1,0.002577,0.0015,0.002577,5e-06
1.7984e-08,2.5e-16,24.902,0.77573,1.7376e-05,0.20054,0.0010924,0.04844,0.014374,3.4069e-09,0.19333,1.3081e-26,4.0924e-13,-8.5137e-14,0,8.3083e-12,7.7647e-12,1.06e-13,1.718e-10,9.6517e-11,2.1918e-12,0,0,0,1,3,4.1609e-12,-5.2606,20.049,1.2269e-18,4.8158e-17,0,2.2978e-12,1,0.00258,0.0015,0.00258,5e-06
1.7985e-08,2.5e-16,24.905,0.7759,1.74e-05,0.20053,0.0010848,0.048451,0.014379,3.407e-09,0.19338,1.1859e-26,4.0819e-13,-8.5222e-14,0,8.3083e-12,7.7647e-12,1.06e-13,1.7181e-10,9.6521e-11,2.1919e-12,0,0,0,1,3,4.1612e-12,-5.29,20.049,1.2269e-18,4.8162e-17,0,2.2979e-12,1,0.002583,0.0015,0.002583,5e-06
1.7986e-08,2.5e-16,24.909,0.77608,1.7424e-05,0.20053,0.0010771,0.048462,0.014383,3.4072e-09,0.19343,1.0636e-26,4.0714e-13,-8.5307e-14,0,8.3083e-12,7.7647e-12,1.06e-13,1.7182e-10,9.6526e-11,2.1921e-12,0,0,0,1,3,4.1615e-12,-5.3195,20.049,1.2269e-18,4.8165e-17,0,2.2981e-12,1,0.002586,0.0015,0.002586,5e-06
1.7986e-08,2.5e-16,24.91,0.77625,1.7448e-05,0.20053,0.0010695,0.048473,0.014388,3.4073e-09,0.19348,9.5398e-27,4.0616e-13,-8.5243e-14,0,8.3083e-12,7.7647e-12,1.06e-13,1.7182e-10,9.6529e-11,2.1921e-12,0,0,0,1,3,4.1616e-12,-5.3489,20.049,1.2269e-18,4.8167e-17,0,2.2981e-12,1,0.002589,0.0015,0.002589,5e-06
1.7986e-08,2.5e-16,24.909,0.77642,1.7471e-05,0.20052,0.0010618,0.048484,0.014392,3.4073e-09,0.19352,8.5685e-27,4.0527e-13,-8.5031e-14,0,8.3083e-12,7.7647e-12,1.06e-13,1.7182e-10,9.6529e-11,2.1921e-12,0,0,0,1,3,4.1616e-12,-5.3783,20.049,1.2269e-18,4.8167e-17,0,2.2981e-12,1,0.002592,0.0015,0.002592,5e-06
1.7986e-08,2.5e-16,24.908,0.7766,1.7495e-05,0.20052,0.0010541,0.048495,0.014397,3.4073e-09,0.19357,7.5973e-27,4.0437e-13,-8.4818e-14,0,8.3083e-12,7.7647e-12,1.06e-13,1.7182e-10,9.653e-11,2.1921e-12,0,0,0,1,3,4.1616e-12,-5.4078,20.049,1.2269e-18,4.8167e-17,0,2.2981e-12,1,0.002595,0.0015,0.002595,5e-06
1.7988e-08,2.5e-16,24.913,0.77677,1.7519e-05,0.20051,0.0010465,0.048506,0.014401,3.4075e-09,0.19362,8.716e-27,4.0386e-13,-8.4689e-14,0,8.3083e-12,7.7647e-12,1.06e-13,1.7183e-10,9.6536e-11,2.1923e-12,0,0,0,1,3,4.162e-12,-5.4372,20.049,1.2269e-18,4.8172e-17,0,2.2983e-12,1,0.002598,0.0015,0.002598,5e-06
1.7989e-08,2.5e-16,24.918,0.77694,1.7542e-05,0.20051,0.0010388,0.048518,0.014406,3.4077e-09,0.19367,9.8348e-27,4.0334e-13,-8.456e-14,0,8.3083e-12,7.7647e-12,1.06e-13,1.7185e-10,9.6542e-11,2.1924e-12,0,0,0,1,3,4.1625e-12,-5.4666,20.049,1.2269e-18,4.8177e-17,0,2.2984e-12,1,0.002601,0.0015,0.002601,5e-06
1.7991e-08,2.5e-16,24.931,0.77712,1.7565e-05,0.20051,0.0010311,0.048529,0.01441,3.4081e-09,0.19372,1.1269e-26,4.0273e-13,-8.4578e-14,0,8.3083e-12,7.7647e-12,1.06e-13,1.7187e-10,9.6555e-11,2.1927e-12,0,0,0,1,3,4.1634e-12,-5.4961,20.049,1.2269e-18,4.8187e-17,0,2.2987e-12,1,0.002604,0.0015,0.002604,5e-06
1.7995e-08,2.5e-16,24.952,0.77729,1.7588e-05,0.2005,0.0010235,0.04854,0.014415,3.4088e-09,0.19376,1.3018e-26,4.0202e-13,-8.4741e-14,0,8.3083e-12,7.7647e-12,1.06e-13,1.719e-10,9.6575e-11,2.1932e-12,0,0,0,1,3,4.1648e-12,-5.5255,20.049,1.2269e-18,4.8204e-17,0,2.2992e-12,1,0.002607,0.0015,0.002607,5e-06
1.7998e-08,2.5e-16,24.972,0.77746,1.7612e-05,0.2005,0.0010158,0.048551,0.014419,3.4094e-09,0.19381,1.4767e-26,4.0132e-13,-8.4904e-14,0,8.3083e-12,7.7647e-12,1.06e-13,1.7194e-10,9.6594e-11,2.1936e-12,0,0,0,1,3,4.1663e-12,-5.5549,20.049,1.2269e-18,4.8221e-17,0,2.2996e-12,1,0.00261,0.0015,0.00261,5e-06
1.8005e-08,2.5e-16,25.014,0.77764,1.7635e-05,0.2005,0.0010082,0.048562,0.014423,3.4106e-09,0.19386,1.4106e-26,4.0035e-13,-8.5238e-14,0,8.3083e-12,7.7647e-12,1.06e-13,1.72e-10,9.6632e-11,2.1945e-12,0,0,0,1,3,4.1691e-12,-5.5843,20.049,1.2269e-18,4.8253e-17,0,2.3005e-12,1,0.002613,0.0015,0.002613,5e-06
1.8012e-08,2.5e-16,25.055,0.77781,1.7657e-05,0.20049,0.0010005,0.048573,0.014428,3.4118e-09,0.19391,1.3446e-26,3.9938e-13,-8.5572e-14,0,8.3083e-12,7.7647e-12,1.06e-13,1.7207e-10,9.6669e-11,2.1953e-12,0,0,0,1,3,4.1719e-12,-5.6138,20.049,1.2269e-18,4.8285e-17,0,2.3013e-12,1,0.002616,0.0015,0.002616,5e-06
1.8021e-08,2.5e-16,25.106,0.77798,1.768e-05,0.20049,0.00099284,0.048584,0.014432,3.4133e-09,0.19395,1.3439e-26,3.9836e-13,-8.5727e-14,0,8.3083e-12,7.7647e-12,1.06e-13,1.7215e-10,9.6714e-11,2.1963e-12,0,0,0,1,3,4.1753e-12,-5.6432,20.049,1.2269e-18,4.8325e-17,0,2.3023e-12,1,0.002619,0.0015,0.002619,5e-06
1.8031e-08,2.5e-16,25.166,0.77816,1.7703e-05,0.20048,0.00098518,0.048596,0.014437,3.4151e-09,0.194,1.4085e-26,3.973e-13,-8.5701e-14,0,8.3083e-12,7.7647e-12,1.06e-13,1.7225e-10,9.6768e-11,2.1975e-12,0,0,0,1,3,4.1793e-12,-5.6726,20.049,1.2269e-18,4.8372e-17,0,2.3035e-12,1,0.002622,0.0015,0.002622,5e-06
1.8041e-08,2.5e-16,25.226,0.77833,1.7725e-05,0.20048,0.00097752,0.048607,0.014441,3.4168e-09,0.19405,1.4732e-26,3.9624e-13,-8.5676e-14,0,8.3083e-12,7.7647e-12,1.06e-13,1.7234e-10,9.6821e-11,2.1988e-12,0,0,0,1,3,4.1833e-12,-5.7021,20.049,1.2269e-18,4.8418e-17,0,2.3048e-12,1,0.002625,0.0015,0.002625,5e-06
1.8052e-08,2.5e-16,25.299,0.7785,1.7748e-05,0.20048,0.00096986,0.048618,0.014446,3.4189e-09,0.1941,1.5902e-26,3.9547e-13,-8.5504e-14,0,8.3083e-12,7.7647e-12,1.06e-13,1.7245e-10,9.6884e-11,2.2002e-12,0,0,0,1,3,4.1881e-12,-5.7315,20.049,1.2269e-18,4.8474e-17,0,2.3062e-12,1,0.002628,0.0015,0.002628,5e-06
1.8064e-08,2.5e-16,25.371,0.77868,1.777e-05,0.20047,0.00096219,0.048629,0.01445,3.4209e-09,0.19414,1.7072e-26,3.947e-13,-8.5332e-14,0,8.3083e-12,7.7647e-12,1.06e-13,1.7257e-10,9.6947e-11,2.2016e-12,0,0,0,1,3,4.1929e-12,-5.7609,20.049,1.2269e-18,4.8529e-17,0,2.3076e-12,1,0.002631,0.0015,0.002631,5e-06
1.8076e-08,2.5e-16,25.444,0.77885,1.7792e-05,0.20047,0.00095453,0.04864,0.014455,3.423e-09,0.19419,1.723e-26,3.9399e-13,-8.5198e-14,0,8.3083e-12,7.7647e-12,1.06e-13,1.7268e-10,9.7011e-11,2.2031e-12,0,0,0,1,3,4.1977e-12,-5.7904,20.049,1.2269e-18,4.8585e-17,0,2.3091e-12,1,0.002634,0.0015,0.002634,5e-06
1.8088e-08,2.5e-16,25.518,0.77902,1.7814e-05,0.20046,0.00094687,0.048651,0.014459,3.4251e-09,0.19424,1.6376e-26,3.9334e-13,-8.5104e-14,0,8.3083e-12,7.7647e-12,1.06e-13,1.7279e-10,9.7075e-11,2.2045e-12,0,0,0,1,3,4.2026e-12,-5.8198,20.049,1.2269e-18,4.8641e-17,0,2.3105e-12,1,0.002637,0.0015,0.002637,5e-06
1.81e-08,2.5e-16,25.591,0.7792,1.7836e-05,0.20046,0.00093921,0.048662,0.014464,3.4272e-09,0.19429,1.5521e-26,3.927e-13,-8.5009e-14,0,8.3083e-12,7.7647e-12,1.06e-13,1.7291e-10,9.7138e-11,2.206e-12,0,0,0,1,3,4.2074e-12,-5.8492,20.049,1.2269e-18,4.8697e-17,0,2.312e-12,1,0.00264,0.0015,0.00264,5e-06
1.811e-08,2.5e-16,25.654,0.77937,1.7858e-05,0.20046,0.00093155,0.048674,0.014468,3.429e-09,0.19433,1.5829e-26,3.918e-13,-8.5009e-14,0,8.3083e-12,7.7647e-12,1.06e-13,1.73e-10,9.7193e-11,2.2072e-12,0,0,0,1,3,4.2115e-12,-5.8786,20.049,1.2269e-18,4.8744e-17,0,2.3132e-12,1,0.002643,0.0015,0.002643,5e-06
1.812e-08,2.5e-16,25.718,0.77954,1.788e-05,0.20045,0.00092389,0.048685,0.014473,3.4307e-09,0.19438,1.6137e-26,3.9091e-13,-8.501e-14,0,8.3083e-12,7.7647e-12,1.06e-13,1.731e-10,9.7247e-11,2.2084e-12,0,0,0,1,3,4.2157e-12,-5.9081,20.049,1.2269e-18,4.8792e-17,0,2.3144e-12,1,0.002646,0.0015,0.002646,5e-06
1.8129e-08,2.5e-16,25.771,0.77972,1.7902e-05,0.20045,0.00091623,0.048696,0.014477,3.4323e-09,0.19443,1.8116e-26,3.9004e-13,-8.5084e-14,0,8.3083e-12,7.7647e-12,1.06e-13,1.7318e-10,9.7294e-11,2.2095e-12,0,0,0,1,3,4.2192e-12,-5.9375,20.049,1.2269e-18,4.8833e-17,0,2.3155e-12,1,0.002649,0.0015,0.002649,5e-06
1.8136e-08,2.5e-16,25.816,0.77989,1.7923e-05,0.20045,0.00090857,0.048707,0.014482,3.4335e-09,0.19448,2.1766e-26,3.892e-13,-8.5232e-14,0,8.3083e-12,7.7647e-12,1.06e-13,1.7325e-10,9.7332e-11,2.2104e-12,0,0,0,1,3,4.2221e-12,-5.9669,20.049,1.2269e-18,4.8867e-17,0,2.3164e-12,1,0.002652,0.0015,0.002652,5e-06
1.8143e-08,2.5e-16,25.86,0.78006,1.7945e-05,0.20044,0.0009009,0.048718,0.014486,3.4348e-09,0.19452,2.5416e-26,3.8836e-13,-8.538e-14,0,8.3083e-12,7.7647e-12,1.06e-13,1.7332e-10,9.7371e-11,2.2112e-12,0,0,0,1,3,4.225e-12,-5.9964,20.049,1.2269e-18,4.89e-17,0,2.3172e-12,1,0.002655,0.0015,0.002655,5e-06
1.8147e-08,2.5e-16,25.883,0.78024,1.7966e-05,0.20044,0.00089324,0.048729,0.01449,3.4354e-09,0.19457,2.642e-26,3.8751e-13,-8.5443e-14,0,8.3083e-12,7.7647e-12,1.06e-13,1.7336e-10,9.7391e-11,2.2117e-12,0,0,0,1,3,4.2265e-12,-6.0258,20.049,1.2269e-18,4.8918e-17,0,2.3177e-12,1,0.002658,0.0015,0.002658,5e-06
1.8151e-08,2.5e-16,25.905,0.78041,1.7988e-05,0.20043,0.00088558,0.04874,0.014495,3.4361e-09,0.19462,2.7423e-26,3.8665e-13,-8.5505e-14,0,8.3083e-12,7.7647e-12,1.06e-13,1.7339e-10,9.7412e-11,2.2122e-12,0,0,0,1,3,4.228e-12,-6.0552,20.049,1.2269e-18,4.8935e-17,0,2.3182e-12,1,0.002661,0.0015,0.002661,5e-06
1.8153e-08,2.5e-16,25.919,0.78058,1.8009e-05,0.20043,0.00087792,0.048752,0.014499,3.4365e-09,0.19467,2.6669e-26,3.8566e-13,-8.5571e-14,0,8.3083e-12,7.7647e-12,1.06e-13,1.7342e-10,9.7424e-11,2.2125e-12,0,0,0,1,3,4.2289e-12,-6.0847,20.049,1.2269e-18,4.8946e-17,0,2.3185e-12,1,0.002664,0.0015,0.002664,5e-06
1.8154e-08,2.5e-16,25.923,0.78076,1.803e-05,0.20043,0.00087026,0.048763,0.014504,3.4367e-09,0.19471,2.416e-26,3.8454e-13,-8.5641e-14,0,8.3083e-12,7.7647e-12,1.06e-13,1.7343e-10,9.743e-11,2.2126e-12,0,0,0,1,3,4.2293e-12,-6.1141,20.049,1.2269e-18,4.895e-17,0,2.3186e-12,1,0.002667,0.0015,0.002667,5e-06
1.8155e-08,2.5e-16,25.928,0.78093,1.8051e-05,0.20042,0.0008626,0.048774,0.014508,3.4369e-09,0.19476,2.165e-26,3.8341e-13,-8.5711e-14,0,8.3083e-12,7.7647e-12,1.06e-13,1.7343e-10,9.7435e-11,2.2127e-12,0,0,0,1,3,4.2296e-12,-6.1435,20.049,1.2269e-18,4.8954e-17,0,2.3187e-12,1,0.00267,0.0015,0.00267,5e-06
1.8155e-08,2.5e-16,25.923,0.7811,1.8072e-05,0.20042,0.00085494,0.048785,0.014513,3.4368e-09,0.19481,2.1568e-26,3.8204e-13,-8.5667e-14,0,8.3083e-12,7.7647e-12,1.06e-13,1.7343e-10,9.7433e-11,2.2127e-12,0,0,0,1,3,4.2294e-12,-6.1729,20.049,1.2269e-18,4.8952e-17,0,2.3187e-12,1,0.002673,0.0015,0.002673,5e-06
1.8154e-08,2.5e-16,25.919,0.78128,1.8093e-05,0.20041,0.00084728,0.048796,0.014517,3.4368e-09,0.19486,2.1487e-26,3.8067e-13,-8.5623e-14,0,8.3083e-12,7.7647e-12,1.06e-13,1.7343e-10,9.7432e-11,2.2126e-12,0,0,0,1,3,4.2293e-12,-6.2024,20.049,1.2269e-18,4.895e-17,0,2.3186e-12,1,0.002676,0.0015,0.002676,5e-06
1.8154e-08,2.5e-16,25.917,0.78145,1.8114e-05,0.20041,0.00083962,0.048807,0.014522,3.4368e-09,0.19491,2.0844e-26,3.7934e-13,-8.5395e-14,0,8.3083e-12,7.7647e-12,1.06e-13,1.7343e-10,9.7432e-11,2.2126e-12,0,0,0,1,3,4.2292e-12,-6.2318,20.049,1.2269e-18,4.8949e-17,0,2.3186e-12,1,0.002679,0.0015,0.002679,5e-06
1.8155e-08,2.5e-16,25.917,0.78162,1.8134e-05,0.20041,0.00083196,0.048819,0.014526,3.4368e-09,0.19495,1.9641e-26,3.7804e-13,-8.4984e-14,0,8.3083e-12,7.7647e-12,1.06e-13,1.7343e-10,9.7433e-11,2.2127e-12,0,0,0,1,3,4.2293e-12,-6.2612,20.049,1.2269e-18,4.895e-17,0,2.3187e-12,1,0.002682,0.0015,0.002682,5e-06
1.8155e-08,2.5e-16,25.917,0.7818,1.8155e-05,0.2004,0.0008243,0.04883,0.014531,3.4369e-09,0.195,1.8437e-26,3.7674e-13,-8.4573e-14,0,8.3083e-12,7.7647e-12,1.06e-13,1.7343e-10,9.7435e-11,2.2127e-12,0,0,0,1,3,4.2293e-12,-6.2907,20.049,1.2269e-18,4.8951e-17,0,2.3187e-12,1,0.002685,0.0015,0.002685,5e-06
1.8158e-08,2.5e-16,25.933,0.78197,1.8175e-05,0.2004,0.00081664,0.048841,0.014535,3.4374e-09,0.19505,1.7361e-26,3.7548e-13,-8.4105e-14,0,8.3083e-12,7.7647e-12,1.06e-13,1.7346e-10,9.745e-11,2.213e-12,0,0,0,1,3,4.2304e-12,-6.3201,20.049,1.2269e-18,4.8963e-17,0,2.319e-12,1,0.002688,0.0015,0.002688,5e-06
1.8161e-08,2.5e-16,25.949,0.78214,1.8196e-05,0.2004,0.00080898,0.048852,0.01454,3.4378e-09,0.1951,1.6286e-26,3.7423e-13,-8.3637e-14,0,8.3083e-12,7.7647e-12,1.06e-13,1.7349e-10,9.7465e-11,2.2134e-12,0,0,0,1,3,4.2315e-12,-6.3495,20.049,1.2269e-18,4.8976e-17,0,2.3194e-12,1,0.002691,0.0015,0.002691,5e-06
1.8165e-08,2.5e-16,25.976,0.78232,1.8216e-05,0.20039,0.00080132,0.048863,0.014544,3.4386e-09,0.19514,1.6239e-26,3.7283e-13,-8.2979e-14,0,8.3083e-12,7.7647e-12,1.06e-13,1.7353e-10,9.7489e-11,2.2139e-12,0,0,0,1,3,4.2333e-12,-6.379,20.049,1.2269e-18,4.8996e-17,0,2.3199e-12,1,0.002694,0.0015,0.002694,5e-06
1.8171e-08,2.5e-16,26.015,0.78249,1.8236e-05,0.20039,0.00079365,0.048874,0.014549,3.4397e-09,0.19519,1.722e-26,3.7128e-13,-8.2132e-14,0,8.3083e-12,7.7647e-12,1.06e-13,1.7359e-10,9.7522e-11,2.2147e-12,0,0,0,1,3,4.2358e-12,-6.4084,20.049,1.2269e-18,4.9026e-17,0,2.3207e-12,1,0.002697,0.0015,0.002697,5e-06
1.8178e-08,2.5e-16,26.053,0.78266,1.8257e-05,0.20038,0.00078599,0.048885,0.014553,3.4408e-09,0.19524,1.8202e-26,3.6974e-13,-8.1286e-14,0,8.3083e-12,7.7647e-12,1.06e-13,1.7365e-10,9.7556e-11,2.2154e-12,0,0,0,1,3,4.2383e-12,-6.4378,20.049,1.2269e-18,4.9055e-17,0,2.3214e-12,1,0.0027,0.0015,0.0027,5e-06
1.8187e-08,2.5e-16,26.114,0.78284,1.8277e-05,0.20038,0.00077833,0.048897,0.014558,3.4425e-09,0.19529,1.798e-26,3.6835e-13,-8.0776e-14,0,8.3083e-12,7.7647e-12,1.06e-13,1.7374e-10,9.7607e-11,2.2166e-12,0,0,0,1,3,4.2422e-12,-6.4672,20.049,1.2269e-18,4.91e-17,0,2.3226e-12,1,0.002703,0.0015,0.002703,5e-06
1.8197e-08,2.5e-16,26.176,0.78301,1.8297e-05,0.20038,0.00077067,0.048908,0.014562,3.4442e-09,0.19533,1.7758e-26,3.6695e-13,-8.0267e-14,0,8.3083e-12,7.7647e-12,1.06e-13,1.7383e-10,9.7659e-11,2.2178e-12,0,0,0,1,3,4.2462e-12,-6.4967,20.049,1.2269e-18,4.9145e-17,0,2.3238e-12,1,0.002706,0.0015,0.002706,5e-06
1.8208e-08,2.5e-16,26.244,0.78318,1.8317e-05,0.20037,0.00076301,0.048919,0.014566,3.4461e-09,0.19538,1.7873e-26,3.6553e-13,-7.9706e-14,0,8.3083e-12,7.7647e-12,1.06e-13,1.7394e-10,9.7717e-11,2.2191e-12,0,0,0,1,3,4.2505e-12,-6.5261,20.049,1.2269e-18,4.9196e-17,0,2.3251e-12,1,0.002709,0.0015,0.002709,5e-06
1.8219e-08,2.5e-16,26.32,0.78336,1.8336e-05,0.20037,0.00075535,0.04893,0.014571,3.4482e-09,0.19543,1.8325e-26,3.6408e-13,-7.9092e-14,0,8.3083e-12,7.7647e-12,1.06e-13,1.7405e-10,9.778e-11,2.2205e-12,0,0,0,1,3,4.2554e-12,-6.5555,20.049,1.2269e-18,4.9252e-17,0,2.3265e-12,1,0.002712,0.0015,0.002712,5e-06
1.8231e-08,2.5e-16,26.397,0.78353,1.8356e-05,0.20037,0.00074769,0.048941,0.014575,3.4502e-09,0.19548,1.8777e-26,3.6263e-13,-7.8479e-14,0,8.3083e-12,7.7647e-12,1.06e-13,1.7416e-10,9.7844e-11,2.222e-12,0,0,0,1,3,4.2602e-12,-6.585,20.049,1.2269e-18,4.9308e-17,0,2.328e-12,1,0.002715,0.0015,0.002715,5e-06
1.8243e-08,2.5e-16,26.476,0.7837,1.8376e-05,0.20036,0.00074003,0.048952,0.01458,3.4524e-09,0.19552,1.9323e-26,3.6053e-13,-7.7805e-14,0,8.3083e-12,7.7647e-12,1.06e-13,1.7428e-10,9.7909e-11,2.2235e-12,0,0,0,1,3,4.2652e-12,-6.6144,20.049,1.2269e-18,4.9365e-17,0,2.3295e-12,1,0.002718,0.0015,0.002718,5e-06
1.8256e-08,2.5e-16,26.555,0.78388,1.8395e-05,0.20036,0.00073237,0.048963,0.014584,3.4545e-09,0.19557,1.987e-26,3.5843e-13,-7.7132e-14,0,8.3083e-12,7.7647e-12,1.06e-13,1.7439e-10,9.7975e-11,2.2249e-12,0,0,0,1,3,4.2701e-12,-6.6438,20.049,1.2269e-18,4.9423e-17,0,2.3309e-12,1,0.002721,0.0015,0.002721,5e-06
1.8267e-08,2.5e-16,26.629,0.78405,1.8415e-05,0.20035,0.00072471,0.048975,0.014589,3.4565e-09,0.19562,1.9322e-26,3.566e-13,-7.681e-14,0,8.3083e-12,7.7647e-12,1.06e-13,1.745e-10,9.8036e-11,2.2263e-12,0,0,0,1,3,4.2748e-12,-6.6733,20.049,1.2269e-18,4.9477e-17,0,2.3323e-12,1,0.002724,0.0015,0.002724,5e-06
1.8278e-08,2.5e-16,26.697,0.78422,1.8434e-05,0.20035,0.00071705,0.048986,0.014593,3.4583e-09,0.19567,1.7679e-26,3.5503e-13,-7.6839e-14,0,8.3083e-12,7.7647e-12,1.06e-13,1.746e-10,9.8092e-11,2.2276e-12,0,0,0,1,3,4.2791e-12,-6.7027,20.049,1.2269e-18,4.9526e-17,0,2.3336e-12,1,0.002727,0.0015,0.002727,5e-06
1.8288e-08,2.5e-16,26.766,0.7844,1.8454e-05,0.20035,0.00070939,0.048997,0.014598,3.4602e-09,0.19572,1.6036e-26,3.5347e-13,-7.6869e-14,0,8.3083e-12,7.7647e-12,1.06e-13,1.747e-10,9.8149e-11,2.2289e-12,0,0,0,1,3,4.2834e-12,-6.7321,20.049,1.2269e-18,4.9576e-17,0,2.3349e-12,1,0.00273,0.0015,0.00273,5e-06
1.8295e-08,2.5e-16,26.814,0.78457,1.8473e-05,0.20034,0.00070173,0.049008,0.014602,3.4615e-09,0.19576,1.4843e-26,3.5198e-13,-7.6702e-14,0,8.3083e-12,7.7647e-12,1.06e-13,1.7478e-10,9.8189e-11,2.2298e-12,0,0,0,1,3,4.2864e-12,-6.7615,20.049,1.2269e-18,4.9611e-17,0,2.3358e-12,1,0.002733,0.0015,0.002733,5e-06
1.8303e-08,2.5e-16,26.863,0.78474,1.8492e-05,0.20034,0.00069407,0.049019,0.014607,3.4628e-09,0.19581,1.365e-26,3.505e-13,-7.6534e-14,0,8.3083e-12,7.7647e-12,1.06e-13,1.7485e-10,9.8229e-11,2.2307e-12,0,0,0,1,3,4.2894e-12,-6.791,20.049,1.2269e-18,4.9646e-17,0,2.3367e-12,1,0.002736,0.0015,0.002736,5e-06
1.8309e-08,2.5e-16,26.899,0.78492,1.8512e-05,0.20033,0.00068641,0.04903,0.014611,3.4638e-09,0.19586,1.3819e-26,3.4894e-13,-7.6188e-14,0,8.3083e-12,7.7647e-12,1.06e-13,1.749e-10,9.8259e-11,2.2314e-12,0,0,0,1,3,4.2917e-12,-6.8204,20.049,1.2269e-18,4.9672e-17,0,2.3374e-12,1,0.002739,0.0015,0.002739,5e-06
1.8312e-08,2.5e-16,26.922,0.78509,1.8531e-05,0.20033,0.00067875,0.049041,0.014616,3.4645e-09,0.19591,1.5349e-26,3.4732e-13,-7.5663e-14,0,8.3083e-12,7.7647e-12,1.06e-13,1.7494e-10,9.8279e-11,2.2319e-12,0,0,0,1,3,4.2932e-12,-6.8498,20.049,1.2269e-18,4.969e-17,0,2.3379e-12,1,0.002742,0.0015,0.002742,5e-06
1.8316e-08,2.5e-16,26.946,0.78526,1.855e-05,0.20033,0.00067109,0.049053,0.01462,3.4651e-09,0.19595,1.6879e-26,3.457e-13,-7.5138e-14,0,8.3083e-12,7.7647e-12,1.06e-13,1.7497e-10,9.83e-11,2.2323e-12,0,0,0,1,3,4.2947e-12,-6.8793,20.049,1.2269e-18,4.9707e-17,0,2.3383e-12,1,0.002745,0.0015,0.002745,5e-06
1.8317e-08,2.5e-16,26.949,0.78544,1.8569e-05,0.20032,0.00066343,0.049064,0.014625,3.4652e-09,0.196,1.7319e-26,3.4426e-13,-7.4254e-14,0,8.3083e-12,7.7647e-12,1.06e-13,1.7498e-10,9.8303e-11,2.2324e-12,0,0,0,1,3,4.2949e-12,-6.9087,20.049,1.2269e-18,4.971e-17,0,2.3384e-12,1,0.002748,0.0015,0.002748,5e-06
1.8318e-08,2.5e-16,26.951,0.78561,1.8588e-05,0.20032,0.00065577,0.049075,0.014629,3.4654e-09,0.19605,1.7759e-26,3.4282e-13,-7.3369e-14,0,8.3083e-12,7.7647e-12,1.06e-13,1.7499e-10,9.8307e-11,2.2325e-12,0,0,0,1,3,4.2952e-12,-6.9381,20.049,1.2269e-18,4.9713e-17,0,2.3385e-12,1,0.002751,0.0015,0.002751,5e-06
1.8317e-08,2.5e-16,26.948,0.78579,1.8606e-05,0.20031,0.00064811,0.049086,0.014634,3.4653e-09,0.1961,1.7891e-26,3.4129e-13,-7.2391e-14,0,8.3083e-12,7.7647e-12,1.06e-13,1.7499e-10,9.8306e-11,2.2325e-12,0,0,0,1,3,4.2951e-12,-6.9676,20.049,1.2269e-18,4.9711e-17,0,2.3385e-12,1,0.002754,0.0015,0.002754,5e-06
1.8316e-08,2.5e-16,26.94,0.78596,1.8625e-05,0.20031,0.00064045,0.049097,0.014638,3.4652e-09,0.19614,1.7714e-26,3.3967e-13,-7.132e-14,0,8.3083e-12,7.7647e-12,1.06e-13,1.7498e-10,9.8301e-11,2.2324e-12,0,0,0,1,3,4.2946e-12,-6.997,20.049,1.2269e-18,4.9706e-17,0,2.3384e-12,1,0.002757,0.0015,0.002757,5e-06
1.8316e-08,2.5e-16,26.932,0.78613,1.8644e-05,0.20031,0.00063279,0.049108,0.014643,3.465e-09,0.19619,1.7537e-26,3.3805e-13,-7.0249e-14,0,8.3083e-12,7.7647e-12,1.06e-13,1.7497e-10,9.8296e-11,2.2323e-12,0,0,0,1,3,4.2942e-12,-7.0264,20.049,1.2269e-18,4.9701e-17,0,2.3383e-12,1,0.00276,0.0015,0.00276,5e-06
1.8315e-08,2.5e-16,26.927,0.7863,1.8662e-05,0.2003,0.00062513,0.049119,0.014647,3.4649e-09,0.19624,1.5486e-26,3.3662e-13,-6.8917e-14,0,8.3083e-12,7.7647e-12,1.06e-13,1.7496e-10,9.8294e-11,2.2322e-12,0,0,0,1,3,4.294e-12,-7.0558,20.049,1.2269e-18,4.9699e-17,0,2.3382e-12,1,0.002763,0.0015,0.002763,5e-06
1.8315e-08,2.5e-16,26.922,0.78648,1.8681e-05,0.2003,0.00061747,0.049131,0.014651,3.4649e-09,0.19629,1.3435e-26,3.3519e-13,-6.7585e-14,0,8.3083e-12,7.7647e-12,1.06e-13,1.7496e-10,9.8292e-11,2.2322e-12,0,0,0,1,3,4.2938e-12,-7.0853,20.049,1.2269e-18,4.9697e-17,0,2.3382e-12,1,0.002766,0.0015,0.002766,5e-06
1.8316e-08,2.5e-16,26.926,0.78665,1.87e-05,0.2003,0.00060981,0.049142,0.014656,3.4651e-09,0.19633,1.2485e-26,3.339e-13,-6.6282e-14,0,8.3083e-12,7.7647e-12,1.06e-13,1.7497e-10,9.8297e-11,2.2323e-12,0,0,0,1,3,4.2941e-12,-7.1147,20.049,1.2269e-18,4.97e-17,0,2.3383e-12,1,0.002769,0.0015,0.002769,5e-06
1.8318e-08,2.5e-16,26.94,0.78683,1.8718e-05,0.20029,0.00060215,0.049153,0.01466,3.4655e-09,0.19638,1.2636e-26,3.3274e-13,-6.501e-14,0,8.3083e-12,7.7647e-12,1.06e-13,1.7499e-10,9.831e-11,2.2326e-12,0,0,0,1,3,4.295e-12,-7.1441,20.049,1.2269e-18,4.9711e-17,0,2.3386e-12,1,0.002772,0.0015,0.002772,5e-06
1.832e-08,2.5e-16,26.953,0.787,1.8736e-05,0.20029,0.00059449,0.049164,0.014665,3.4659e-09,0.19643,1.2787e-26,3.3159e-13,-6.3737e-14,0,8.3083e-12,7.7647e-12,1.06e-13,1.7501e-10,9.8322e-11,2.2328e-12,0,0,0,1,3,4.2959e-12,-7.1736,20.049,1.2269e-18,4.9721e-17,0,2.3388e-12,1,0.002775,0.0015,0.002775,5e-06
1.8326e-08,2.5e-16,26.993,0.78717,1.8755e-05,0.20028,0.00058683,0.049175,0.014669,3.4669e-09,0.19648,1.502e-26,3.3055e-13,-6.251e-14,0,8.3083e-12,7.7647e-12,1.06e-13,1.7507e-10,9.8355e-11,2.2336e-12,0,0,0,1,3,4.2984e-12,-7.203,20.049,1.2269e-18,4.975e-17,0,2.3396e-12,1,0.002778,0.0015,0.002778,5e-06
1.8333e-08,2.5e-16,27.033,0.78735,1.8773e-05,0.20028,0.00057917,0.049186,0.014674,3.468e-09,0.19652,1.7252e-26,3.2951e-13,-6.1284e-14,0,8.3083e-12,7.7647e-12,1.06e-13,1.7513e-10,9.8388e-11,2.2343e-12,0,0,0,1,3,4.3009e-12,-7.2324,20.049,1.2269e-18,4.9779e-17,0,2.3403e-12,1,0.002781,0.0015,0.002781,5e-06
1.8341e-08,2.5e-16,27.086,0.78752,1.8791e-05,0.20028,0.00057151,0.049198,0.014678,3.4694e-09,0.19657,1.7436e-26,3.285e-13,-6.0145e-14,0,8.3083e-12,7.7647e-12,1.06e-13,1.7521e-10,9.8431e-11,2.2353e-12,0,0,0,1,3,4.3042e-12,-7.2619,20.049,1.2269e-18,4.9817e-17,0,2.3413e-12,1,0.002784,0.0015,0.002784,5e-06
1.8351e-08,2.5e-16,27.152,0.78769,1.8809e-05,0.20027,0.00056385,0.049209,0.014683,3.4712e-09,0.19662,1.557e-26,3.2751e-13,-5.9092e-14,0,8.3083e-12,7.7647e-12,1.06e-13,1.753e-10,9.8485e-11,2.2365e-12,0,0,0,1,3,4.3082e-12,-7.2913,20.049,1.2269e-18,4.9864e-17,0,2.3425e-12,1,0.002787,0.0015,0.002787,5e-06
1.8361e-08,2.5e-16,27.219,0.78787,1.8827e-05,0.20027,0.00055619,0.04922,0.014687,3.4729e-09,0.19667,1.3705e-26,3.2652e-13,-5.804e-14,0,8.3083e-12,7.7647e-12,1.06e-13,1.754e-10,9.8538e-11,2.2378e-12,0,0,0,1,3,4.3123e-12,-7.3207,20.049,1.2269e-18,4.9911e-17,0,2.3438e-12,1,0.00279,0.0015,0.00279,5e-06
1.8373e-08,2.5e-16,27.302,0.78804,1.8845e-05,0.20027,0.00054853,0.049231,0.014692,3.4751e-09,0.19672,1.0732e-26,3.2524e-13,-5.6688e-14,0,8.3083e-12,7.7647e-12,1.06e-13,1.7552e-10,9.8604e-11,2.2393e-12,0,0,0,1,3,4.3173e-12,-7.3501,20.049,1.2269e-18,4.9969e-17,0,2.3453e-12,1,0.002793,0.0015,0.002793,5e-06
1.8385e-08,2.5e-16,27.385,0.78821,1.8863e-05,0.20026,0.00054087,0.049242,0.014696,3.4772e-09,0.19676,7.7596e-27,3.2395e-13,-5.5336e-14,0,8.3083e-12,7.7647e-12,1.06e-13,1.7563e-10,9.867e-11,2.2408e-12,0,0,0,1,3,4.3224e-12,-7.3796,20.049,1.2269e-18,5.0028e-17,0,2.3467e-12,1,0.002796,0.0015,0.002796,5e-06
1.8398e-08,2.5e-16,27.469,0.78839,1.8881e-05,0.20026,0.00053321,0.049253,0.014701,3.4794e-09,0.19681,6.7047e-27,3.2276e-13,-5.387e-14,0,8.3083e-12,7.7647e-12,1.06e-13,1.7575e-10,9.8737e-11,2.2423e-12,0,0,0,1,3,4.3274e-12,-7.409,20.049,1.2269e-18,5.0086e-17,0,2.3483e-12,1,0.002799,0.0015,0.002799,5e-06
1.841e-08,2.5e-16,27.553,0.78856,1.8899e-05,0.20025,0.00052555,0.049264,0.014705,3.4816e-09,0.19686,7.5675e-27,3.2168e-13,-5.2291e-14,0,8.3083e-12,7.7647e-12,1.06e-13,1.7587e-10,9.8803e-11,2.2438e-12,0,0,0,1,3,4.3325e-12,-7.4384,20.049,1.2269e-18,5.0145e-17,0,2.3498e-12,1,0.002802,0.0015,0.002802,5e-06
1.8422e-08,2.5e-16,27.638,0.78873,1.8917e-05,0.20025,0.00051789,0.049276,0.014709,3.4838e-09,0.19691,8.4304e-27,3.206e-13,-5.0711e-14,0,8.3083e-12,7.7647e-12,1.06e-13,1.7599e-10,9.887e-11,2.2453e-12,0,0,0,1,3,4.3376e-12,-7.4679,20.049,1.2269e-18,5.0204e-17,0,2.3513e-12,1,0.002805,0.0015,0.002805,5e-06
1.8433e-08,2.5e-16,27.709,0.78891,1.8935e-05,0.20025,0.00051023,0.049287,0.014714,3.4856e-09,0.19695,1.0413e-26,3.1994e-13,-4.9409e-14,0,8.3083e-12,7.7647e-12,1.06e-13,1.7609e-10,9.8926e-11,2.2466e-12,0,0,0,1,3,4.3419e-12,-7.4973,20.049,1.2269e-18,5.0253e-17,0,2.3526e-12,1,0.002808,0.0015,0.002808,5e-06
1.8443e-08,2.5e-16,27.78,0.78908,1.8952e-05,0.20024,0.00050257,0.049298,0.014718,3.4874e-09,0.197,1.2397e-26,3.1928e-13,-4.8108e-14,0,8.3083e-12,7.7647e-12,1.06e-13,1.7619e-10,9.8982e-11,2.2478e-12,0,0,0,1,3,4.3461e-12,-7.5267,20.049,1.2269e-18,5.0303e-17,0,2.3538e-12,1,0.002811,0.0015,0.002811,5e-06
1.8452e-08,2.5e-16,27.839,0.78925,1.897e-05,0.20024,0.00049491,0.049309,0.014723,3.4889e-09,0.19705,1.3362e-26,3.1871e-13,-4.6938e-14,0,8.3083e-12,7.7647e-12,1.06e-13,1.7627e-10,9.9029e-11,2.2489e-12,0,0,0,1,3,4.3497e-12,-7.5562,20.049,1.2269e-18,5.0344e-17,0,2.3549e-12,1,0.002814,0.0015,0.002814,5e-06
1.8459e-08,2.5e-16,27.886,0.78943,1.8988e-05,0.20023,0.00048725,0.04932,0.014727,3.4902e-09,0.1971,1.3309e-26,3.1825e-13,-4.5902e-14,0,8.3083e-12,7.7647e-12,1.06e-13,1.7634e-10,9.9066e-11,2.2497e-12,0,0,0,1,3,4.3525e-12,-7.5856,20.049,1.2269e-18,5.0377e-17,0,2.3557e-12,1,0.002817,0.0015,0.002817,5e-06
1.8466e-08,2.5e-16,27.934,0.7896,1.9005e-05,0.20023,0.00047959,0.049331,0.014732,3.4914e-09,0.19714,1.3257e-26,3.1779e-13,-4.4865e-14,0,8.3083e-12,7.7647e-12,1.06e-13,1.7641e-10,9.9104e-11,2.2506e-12,0,0,0,1,3,4.3554e-12,-7.615,20.049,1.2269e-18,5.041e-17,0,2.3566e-12,1,0.00282,0.0015,0.00282,5e-06
1.8469e-08,2.5e-16,27.955,0.78977,1.9023e-05,0.20023,0.00047193,0.049342,0.014736,3.492e-09,0.19719,1.2836e-26,3.1738e-13,-4.3927e-14,0,8.3083e-12,7.7647e-12,1.06e-13,1.7644e-10,9.9121e-11,2.251e-12,0,0,0,1,3,4.3567e-12,-7.6444,20.049,1.2269e-18,5.0425e-17,0,2.357e-12,1,0.002823,0.0015,0.002823,5e-06
1.8472e-08,2.5e-16,27.976,0.78995,1.904e-05,0.20022,0.00046427,0.049354,0.014741,3.4925e-09,0.19724,1.2415e-26,3.1697e-13,-4.299e-14,0,8.3083e-12,7.7647e-12,1.06e-13,1.7647e-10,9.9139e-11,2.2514e-12,0,0,0,1,3,4.358e-12,-7.6739,20.049,1.2269e-18,5.044e-17,0,2.3574e-12,1,0.002826,0.0015,0.002826,5e-06
1.8474e-08,2.5e-16,27.985,0.79012,1.9058e-05,0.20022,0.00045661,0.049365,0.014745,3.4928e-09,0.19729,1.2021e-26,3.1623e-13,-4.1839e-14,0,8.3083e-12,7.7647e-12,1.06e-13,1.7648e-10,9.9148e-11,2.2516e-12,0,0,0,1,3,4.3586e-12,-7.7033,20.049,1.2269e-18,5.0447e-17,0,2.3576e-12,1,0.002829,0.0015,0.002829,5e-06
1.8474e-08,2.5e-16,27.984,0.79029,1.9075e-05,0.20021,0.00044895,0.049376,0.01475,3.4928e-09,0.19733,1.1653e-26,3.1517e-13,-4.0475e-14,0,8.3083e-12,7.7647e-12,1.06e-13,1.7648e-10,9.9148e-11,2.2516e-12,0,0,0,1,3,4.3586e-12,-7.7327,20.049,1.2269e-18,5.0447e-17,0,2.3576e-12,1,0.002832,0.0015,0.002832,5e-06
1.8474e-08,2.5e-16,27.982,0.79047,1.9092e-05,0.20021,0.00044129,0.049387,0.014754,3.4928e-09,0.19738,1.1285e-26,3.1411e-13,-3.9111e-14,0,8.3083e-12,7.7647e-12,1.06e-13,1.7648e-10,9.9148e-11,2.2516e-12,0,0,0,1,3,4.3586e-12,-7.7622,20.049,1.2269e-18,5.0446e-17,0,2.3576e-12,1,0.002835,0.0015,0.002835,5e-06
1.8473e-08,2.5e-16,27.969,0.79064,1.911e-05,0.20021,0.00043363,0.049398,0.014759,3.4926e-09,0.19743,1.1608e-26,3.1323e-13,-3.7814e-14,0,8.3083e-12,7.7647e-12,1.06e-13,1.7647e-10,9.9139e-11,2.2514e-12,0,0,0,1,3,4.3578e-12,-7.7916,20.049,1.2269e-18,5.0438e-17,0,2.3574e-12,1,0.002838,0.0015,0.002838,5e-06
1.8471e-08,2.5e-16,27.955,0.79081,1.9127e-05,0.2002,0.00042597,0.049409,0.014763,3.4923e-09,0.19748,1.1931e-26,3.1235e-13,-3.6517e-14,0,8.3083e-12,7.7647e-12,1.06e-13,1.7645e-10,9.9131e-11,2.2512e-12,0,0,0,1,3,4.3571e-12,-7.821,20.049,1.2269e-18,5.043e-17,0,2.3572e-12,1,0.002841,0.0015,0.002841,5e-06
1.847e-08,2.5e-16,27.943,0.79099,1.9144e-05,0.2002,0.00041831,0.04942,0.014768,3.492e-09,0.19752,1.1753e-26,3.1143e-13,-3.5048e-14,0,8.3083e-12,7.7647e-12,1.06e-13,1.7644e-10,9.9123e-11,2.251e-12,0,0,0,1,3,4.3565e-12,-7.8505,20.049,1.2269e-18,5.0423e-17,0,2.357e-12,1,0.002844,0.0015,0.002844,5e-06
1.8469e-08,2.5e-16,27.934,0.79116,1.9161e-05,0.2002,0.00041065,0.049432,0.014772,3.4919e-09,0.19757,1.1074e-26,3.1046e-13,-3.3407e-14,0,8.3083e-12,7.7647e-12,1.06e-13,1.7643e-10,9.9118e-11,2.2509e-12,0,0,0,1,3,4.356e-12,-7.8799,20.049,1.2269e-18,5.0417e-17,0,2.3569e-12,1,0.002847,0.0015,0.002847,5e-06
1.8468e-08,2.5e-16,27.924,0.79133,1.9178e-05,0.20019,0.00040299,0.049443,0.014777,3.4917e-09,0.19762,1.0395e-26,3.0949e-13,-3.1765e-14,0,8.3083e-12,7.7647e-12,1.06e-13,1.7642e-10,9.9112e-11,2.2508e-12,0,0,0,1,3,4.3555e-12,-7.9093,20.049,1.2269e-18,5.0411e-17,0,2.3568e-12,1,0.00285,0.0015,0.00285,5e-06
1.8469e-08,2.5e-16,27.935,0.79151,1.9195e-05,0.20019,0.00039533,0.049454,0.014781,3.492e-09,0.19767,9.9642e-27,3.0827e-13,-3.0085e-14,0,8.3083e-12,7.7647e-12,1.06e-13,1.7644e-10,9.9122e-11,2.251e-12,0,0,0,1,3,4.3562e-12,-7.9387,20.049,1.2269e-18,5.042e-17,0,2.357e-12,1,0.002853,0.0015,0.002853,5e-06
1.8471e-08,2.5e-16,27.946,0.79168,1.9212e-05,0.20018,0.00038767,0.049465,0.014785,3.4923e-09,0.19771,9.5335e-27,3.0705e-13,-2.8404e-14,0,8.3083e-12,7.7647e-12,1.06e-13,1.7646e-10,9.9133e-11,2.2513e-12,0,0,0,1,3,4.357e-12,-7.9682,20.049,1.2269e-18,5.0428e-17,0,2.3573e-12,1,0.002856,0.0015,0.002856,5e-06
1.8476e-08,2.5e-16,27.974,0.79185,1.9229e-05,0.20018,0.00038001,0.049476,0.01479,3.4931e-09,0.19776,9.0971e-27,3.0583e-13,-2.7043e-14,0,8.3083e-12,7.7647e-12,1.06e-13,1.765e-10,9.9156e-11,2.2518e-12,0,0,0,1,3,4.3587e-12,-7.9976,20.049,1.2269e-18,5.0448e-17,0,2.3578e-12,1,0.002859,0.0015,0.002859,5e-06
1.8482e-08,2.5e-16,28.018,0.79203,1.9246e-05,0.20018,0.00037235,0.049487,0.014794,3.4942e-09,0.19781,8.655e-27,3.0463e-13,-2.6001e-14,0,8.3083e-12,7.7647e-12,1.06e-13,1.7656e-10,9.9191e-11,2.2526e-12,0,0,0,1,3,4.3613e-12,-8.027,20.049,1.2269e-18,5.0479e-17,0,2.3586e-12,1,0.002862,0.0015,0.002862,5e-06
1.8489e-08,2.5e-16,28.063,0.7922,1.9263e-05,0.20017,0.00036469,0.049498,0.014799,3.4954e-09,0.19786,8.2131e-27,3.0342e-13,-2.496e-14,0,8.3083e-12,7.7647e-12,1.06e-13,1.7662e-10,9.9226e-11,2.2534e-12,0,0,0,1,3,4.364e-12,-8.0565,20.049,1.2269e-18,5.0509e-17,0,2.3594e-12,1,0.002865,0.0015,0.002865,5e-06
1.85e-08,2.5e-16,28.14,0.79237,1.928e-05,0.20017,0.00035703,0.04951,0.014803,3.4973e-09,0.19791,8.9141e-27,3.0153e-13,-2.3571e-14,0,8.3083e-12,7.7647e-12,1.06e-13,1.7673e-10,9.9286e-11,2.2547e-12,0,0,0,1,3,4.3686e-12,-8.0859,20.049,1.2269e-18,5.0562e-17,0,2.3607e-12,1,0.002868,0.0015,0.002868,5e-06
1.8511e-08,2.5e-16,28.218,0.79255,1.9297e-05,0.20017,0.00034937,0.049521,0.014808,3.4993e-09,0.19795,9.6151e-27,2.9964e-13,-2.2181e-14,0,8.3083e-12,7.7647e-12,1.06e-13,1.7683e-10,9.9345e-11,2.2561e-12,0,0,0,1,3,4.3731e-12,-8.1153,20.049,1.2269e-18,5.0615e-17,0,2.3621e-12,1,0.002871,0.0015,0.002871,5e-06
1.8523e-08,2.5e-16,28.305,0.79272,1.9314e-05,0.20016,0.00034171,0.049532,0.014812,3.5014e-09,0.198,1.1882e-26,2.9762e-13,-2.0782e-14,0,8.3083e-12,7.7647e-12,1.06e-13,1.7695e-10,9.9411e-11,2.2576e-12,0,0,0,1,3,4.3782e-12,-8.1448,20.049,1.2269e-18,5.0673e-17,0,2.3636e-12,1,0.002874,0.0015,0.002874,5e-06
1.8537e-08,2.5e-16,28.401,0.79289,1.9331e-05,0.20016,0.00033405,0.049543,0.014817,3.5038e-09,0.19805,1.5714e-26,2.9549e-13,-1.9373e-14,0,8.3083e-12,7.7647e-12,1.06e-13,1.7708e-10,9.9483e-11,2.2592e-12,0,0,0,1,3,4.3837e-12,-8.1742,20.049,1.2269e-18,5.0738e-17,0,2.3652e-12,1,0.002877,0.0015,0.002877,5e-06
1.855e-08,2.5e-16,28.497,0.79307,1.9347e-05,0.20015,0.00032639,0.049554,0.014821,3.5062e-09,0.1981,1.9546e-26,2.9335e-13,-1.7964e-14,0,8.3083e-12,7.7647e-12,1.06e-13,1.7721e-10,9.9556e-11,2.2609e-12,0,0,0,1,3,4.3893e-12,-8.2036,20.049,1.2269e-18,5.0802e-17,0,2.3668e-12,1,0.00288,0.0015,0.00288,5e-06
1.8563e-08,2.5e-16,28.588,0.79324,1.9364e-05,0.20015,0.00031873,0.049565,0.014826,3.5084e-09,0.19814,2.21e-26,2.9134e-13,-1.6786e-14,0,8.3083e-12,7.7647e-12,1.06e-13,1.7733e-10,9.9624e-11,2.2624e-12,0,0,0,1,3,4.3945e-12,-8.233,20.049,1.2269e-18,5.0863e-17,0,2.3684e-12,1,0.002883,0.0015,0.002883,5e-06
1.8576e-08,2.5e-16,28.679,0.79341,1.9381e-05,0.20015,0.00031107,0.049576,0.01483,3.5106e-09,0.19819,2.4654e-26,2.8933e-13,-1.5607e-14,0,8.3083e-12,7.7647e-12,1.06e-13,1.7745e-10,9.9692e-11,2.264e-12,0,0,0,1,3,4.3998e-12,-8.2625,20.049,1.2269e-18,5.0923e-17,0,2.37e-12,1,0.002886,0.0015,0.002886,5e-06
1.8587e-08,2.5e-16,28.758,0.79359,1.9397e-05,0.20014,0.00030341,0.049588,0.014835,3.5126e-09,0.19824,2.5187e-26,2.8722e-13,-1.4451e-14,0,8.3083e-12,7.7647e-12,1.06e-13,1.7756e-10,9.9752e-11,2.2653e-12,0,0,0,1,3,4.4043e-12,-8.2919,20.049,1.2269e-18,5.0976e-17,0,2.3713e-12,1,0.002889,0.0015,0.002889,5e-06
1.8596e-08,2.5e-16,28.825,0.79376,1.9414e-05,0.20014,0.00029575,0.049599,0.014839,3.5142e-09,0.19829,2.3699e-26,2.8503e-13,-1.3316e-14,0,8.3083e-12,7.7647e-12,1.06e-13,1.7765e-10,9.9803e-11,2.2665e-12,0,0,0,1,3,4.4082e-12,-8.3213,20.049,1.2269e-18,5.1021e-17,0,2.3725e-12,1,0.002892,0.0015,0.002892,5e-06
1.8606e-08,2.5e-16,28.892,0.79393,1.9431e-05,0.20013,0.00028809,0.04961,0.014844,3.5159e-09,0.19833,2.2211e-26,2.8284e-13,-1.2182e-14,0,8.3083e-12,7.7647e-12,1.06e-13,1.7774e-10,9.9854e-11,2.2676e-12,0,0,0,1,3,4.4121e-12,-8.3508,20.049,1.2269e-18,5.1065e-17,0,2.3736e-12,1,0.002895,0.0015,0.002895,5e-06
1.8611e-08,2.5e-16,28.929,0.79411,1.9447e-05,0.20013,0.00028043,0.049621,0.014848,3.5168e-09,0.19838,1.8711e-26,2.8023e-13,-1.1278e-14,0,8.3083e-12,7.7647e-12,1.06e-13,1.7779e-10,9.9882e-11,2.2683e-12,0,0,0,1,3,4.4142e-12,-8.3802,20.049,1.2269e-18,5.109e-17,0,2.3743e-12,1,0.002898,0.0015,0.002898,5e-06
1.8617e-08,2.5e-16,28.966,0.79428,1.9464e-05,0.20013,0.00027277,0.049632,0.014853,3.5178e-09,0.19843,1.5211e-26,2.7761e-13,-1.0374e-14,0,8.3083e-12,7.7647e-12,1.06e-13,1.7784e-10,9.9911e-11,2.2689e-12,0,0,0,1,3,4.4164e-12,-8.4096,20.049,1.2269e-18,5.1116e-17,0,2.3749e-12,1,0.002901,0.0015,0.002901,5e-06
1.862e-08,2.5e-16,28.991,0.79445,1.948e-05,0.20012,0.00026511,0.049643,0.014857,3.5184e-09,0.19848,1.2289e-26,2.7477e-13,-9.3532e-15,0,8.3083e-12,7.7647e-12,1.06e-13,1.7788e-10,9.9931e-11,2.2694e-12,0,0,0,1,3,4.4179e-12,-8.4391,20.049,1.2269e-18,5.1133e-17,0,2.3754e-12,1,0.002904,0.0015,0.002904,5e-06
1.8622e-08,2.5e-16,29.004,0.79463,1.9497e-05,0.20012,0.00025745,0.049654,0.014861,3.5188e-09,0.19852,9.9443e-27,2.7172e-13,-8.2159e-15,0,8.3083e-12,7.7647e-12,1.06e-13,1.779e-10,9.9942e-11,2.2696e-12,0,0,0,1,3,4.4186e-12,-8.4685,20.049,1.2269e-18,5.1142e-17,0,2.3756e-12,1,0.002907,0.0015,0.002907,5e-06
1.8624e-08,2.5e-16,29.016,0.7948,1.9513e-05,0.20011,0.00024979,0.049666,0.014866,3.5191e-09,0.19857,7.5999e-27,2.6866e-13,-7.0786e-15,0,8.3083e-12,7.7647e-12,1.06e-13,1.7792e-10,9.9953e-11,2.2699e-12,0,0,0,1,3,4.4194e-12,-8.4979,20.049,1.2269e-18,5.1151e-17,0,2.3759e-12,1,0.00291,0.0015,0.00291,5e-06
1.8624e-08,2.5e-16,29.014,0.79497,1.953e-05,0.20011,0.00024213,0.049677,0.01487,3.5191e-09,0.19862,8.1356e-27,2.654e-13,-5.8662e-15,0,8.3083e-12,7.7647e-12,1.06e-13,1.7791e-10,9.9952e-11,2.2699e-12,0,0,0,1,3,4.4193e-12,-8.5273,20.049,1.2269e-18,5.115e-17,0,2.3758e-12,1,0.002913,0.0015,0.002913,5e-06
1.8624e-08,2.5e-16,29.011,0.79515,1.9546e-05,0.20011,0.00023447,0.049688,0.014875,3.5191e-09,0.19867,8.6714e-27,2.6213e-13,-4.6539e-15,0,8.3083e-12,7.7647e-12,1.06e-13,1.7791e-10,9.9951e-11,2.2698e-12,0,0,0,1,3,4.4192e-12,-8.5568,20.049,1.2269e-18,5.1148e-17,0,2.3758e-12,1,0.002916,0.0015,0.002916,5e-06
1.8623e-08,2.5e-16,29.004,0.79532,1.9563e-05,0.2001,0.00022681,0.049699,0.014879,3.5189e-09,0.19871,1.0115e-26,2.5888e-13,-3.528e-15,0,8.3083e-12,7.7647e-12,1.06e-13,1.779e-10,9.9946e-11,2.2697e-12,0,0,0,1,3,4.4189e-12,-8.5862,20.049,1.2269e-18,5.1144e-17,0,2.3757e-12,1,0.002919,0.0015,0.002919,5e-06
1.8622e-08,2.5e-16,28.992,0.79549,1.9579e-05,0.2001,0.00021915,0.04971,0.014884,3.5187e-09,0.19876,1.2467e-26,2.5563e-13,-2.4887e-15,0,8.3083e-12,7.7647e-12,1.06e-13,1.7789e-10,9.9939e-11,2.2695e-12,0,0,0,1,3,4.4182e-12,-8.6156,20.049,1.2269e-18,5.1137e-17,0,2.3755e-12,1,0.002922,0.0015,0.002922,5e-06
1.862e-08,2.5e-16,28.98,0.79567,1.9595e-05,0.2001,0.00021149,0.049721,0.014888,3.5184e-09,0.19881,1.4819e-26,2.5239e-13,-1.4493e-15,0,8.3083e-12,7.7647e-12,1.06e-13,1.7788e-10,9.9931e-11,2.2694e-12,0,0,0,1,3,4.4176e-12,-8.6451,20.049,1.2269e-18,5.113e-17,0,2.3754e-12,1,0.002925,0.0015,0.002925,5e-06
1.8618e-08,2.5e-16,28.965,0.79584,1.9612e-05,0.20009,0.00020383,0.049733,0.014893,3.5181e-09,0.19886,1.6359e-26,2.4822e-13,-3.3509e-16,0,8.3083e-12,7.7647e-12,1.06e-13,1.7786e-10,9.9921e-11,2.2692e-12,0,0,0,1,3,4.4168e-12,-8.6745,20.049,1.2269e-18,5.1121e-17,0,2.3752e-12,1,0.002928,0.0015,0.002928,5e-06
1.8617e-08,2.5e-16,28.95,0.79601,1.9628e-05,0.20009,0.00019617,0.049744,0.014897,3.5178e-09,0.1989,1.79e-26,2.4406e-13,7.7916e-16,0,8.3083e-12,7.7647e-12,1.06e-13,1.7784e-10,9.9912e-11,2.269e-12,0,0,0,1,3,4.4161e-12,-8.7039,20.049,1.2269e-18,5.1112e-17,0,2.375e-12,1,0.002931,0.0015,0.002931,5e-06
1.8616e-08,2.5e-16,28.943,0.79619,1.9644e-05,0.20008,0.00018851,0.049755,0.014902,3.5177e-09,0.19895,1.914e-26,2.3953e-13,1.7811e-15,0,8.3083e-12,7.7647e-12,1.06e-13,1.7784e-10,9.9909e-11,2.2689e-12,0,0,0,1,3,4.4158e-12,-8.7334,20.049,1.2269e-18,5.1108e-17,0,2.3749e-12,1,0.002934,0.0015,0.002934,5e-06
1.8617e-08,2.5e-16,28.943,0.79636,1.9661e-05,0.20008,0.00018085,0.049766,0.014906,3.5178e-09,0.199,2.0078e-26,2.3463e-13,2.6707e-15,0,8.3083e-12,7.7647e-12,1.06e-13,1.7784e-10,9.9913e-11,2.269e-12,0,0,0,1,3,4.4159e-12,-8.7628,20.049,1.2269e-18,5.111e-17,0,2.375e-12,1,0.002937,0.0015,0.002937,5e-06
1.8617e-08,2.5e-16,28.944,0.79653,1.9677e-05,0.20008,0.00017319,0.049777,0.014911,3.5179e-09,0.19905,2.1015e-26,2.2974e-13,3.5603e-15,0,8.3083e-12,7.7647e-12,1.06e-13,1.7785e-10,9.9916e-11,2.269e-12,0,0,0,1,3,4.4161e-12,-8.7922,20.049,1.2269e-18,5.1112e-17,0,2.375e-12,1,0.00294,0.0015,0.00294,5e-06
1.8624e-08,2.5e-16,28.987,0.79671,1.9693e-05,0.20007,0.00016553,0.049788,0.014915,3.519e-09,0.1991,1.9418e-26,2.2464e-13,4.4866e-15,0,8.3083e-12,7.7647e-12,1.06e-13,1.7791e-10,9.995e-11,2.2698e-12,0,0,0,1,3,4.4186e-12,-8.8216,20.049,1.2269e-18,5.1141e-17,0,2.3758e-12,1,0.002943,0.0015,0.002943,5e-06
1.863e-08,2.5e-16,29.031,0.79688,1.9709e-05,0.20007,0.00015787,0.049799,0.01492,3.5201e-09,0.19914,1.7821e-26,2.1954e-13,5.413e-15,0,8.3083e-12,7.7647e-12,1.06e-13,1.7797e-10,9.9984e-11,2.2706e-12,0,0,0,1,3,4.4211e-12,-8.8511,20.049,1.2269e-18,5.117e-17,0,2.3766e-12,1,0.002946,0.0015,0.002946,5e-06
1.864e-08,2.5e-16,29.102,0.79705,1.9726e-05,0.20007,0.00015021,0.049811,0.014924,3.5219e-09,0.19919,1.5698e-26,2.1245e-13,6.3502e-15,0,8.3083e-12,7.7647e-12,1.06e-13,1.7807e-10,1.0004e-10,2.2718e-12,0,0,0,1,3,4.4252e-12,-8.8805,20.049,1.2269e-18,5.1217e-17,0,2.3778e-12,1,0.002949,0.0015,0.002949,5e-06
1.8653e-08,2.5e-16,29.201,0.79723,1.9742e-05,0.20006,0.00014255,0.049822,0.014929,3.5242e-09,0.19924,1.3051e-26,2.0337e-13,7.2982e-15,0,8.3083e-12,7.7647e-12,1.06e-13,1.7819e-10,1.0011e-10,2.2734e-12,0,0,0,1,3,4.4307e-12,-8.9099,20.049,1.2269e-18,5.1281e-17,0,2.3794e-12,1,0.002952,0.0015,0.002952,5e-06
1.8667e-08,2.5e-16,29.3,0.7974,1.9758e-05,0.20006,0.0001349,0.049833,0.014933,3.5266e-09,0.19929,1.0403e-26,1.9429e-13,8.2462e-15,0,8.3083e-12,7.7647e-12,1.06e-13,1.7832e-10,1.0018e-10,2.275e-12,0,0,0,1,3,4.4363e-12,-8.9394,20.049,1.2269e-18,5.1345e-17,0,2.381e-12,1,0.002955,0.0015,0.002955,5e-06
1.8683e-08,2.5e-16,29.428,0.79757,1.9774e-05,0.20005,0.00012724,0.049844,0.014937,3.5295e-09,0.19933,1.0486e-26,1.7619e-13,8.9662e-15,0,8.3083e-12,7.7647e-12,1.06e-13,1.7848e-10,1.0027e-10,2.2771e-12,0,0,0,1,3,4.4433e-12,-8.9688,20.049,1.2269e-18,5.1427e-17,0,2.3831e-12,1,0.002958,0.0015,0.002958,5e-06
1.87e-08,2.5e-16,29.556,0.79775,1.979e-05,0.20005,0.00011958,0.049855,0.014942,3.5324e-09,0.19938,1.057e-26,1.581e-13,9.6862e-15,0,8.3083e-12,7.7647e-12,1.06e-13,1.7864e-10,1.0036e-10,2.2791e-12,0,0,0,1,3,4.4503e-12,-8.9982,20.049,1.2269e-18,5.1508e-17,0,2.3851e-12,1,0.002961,0.0015,0.002961,5e-06
1.8715e-08,2.5e-16,29.672,0.79792,1.9806e-05,0.20005,0.00011192,0.049866,0.014946,3.5351e-09,0.19943,1.1277e-26,1.5334e-13,1.0675e-14,0,8.3083e-12,7.7647e-12,1.06e-13,1.7879e-10,1.0044e-10,2.281e-12,0,0,0,1,3,4.4566e-12,-9.0277,20.049,1.2269e-18,5.1581e-17,0,2.387e-12,1,0.002964,0.0015,0.002964,5e-06
1.8729e-08,2.5e-16,29.775,0.79809,1.9823e-05,0.20004,0.00010426,0.049877,0.014951,3.5375e-09,0.19948,1.2607e-26,1.6194e-13,1.1934e-14,0,8.3083e-12,7.7647e-12,1.06e-13,1.7892e-10,1.0052e-10,2.2827e-12,0,0,0,1,3,4.4623e-12,-9.0571,20.049,1.2269e-18,5.1647e-17,0,2.3887e-12,1,0.002967,0.0015,0.002967,5e-06
1.8743e-08,2.5e-16,29.879,0.79827,1.9839e-05,0.20004,9.6597e-05,0.049889,0.014955,3.5399e-09,0.19952,1.3937e-26,1.7053e-13,1.3192e-14,0,8.3083e-12,7.7647e-12,1.06e-13,1.7905e-10,1.0059e-10,2.2843e-12,0,0,0,1,3,4.468e-12,-9.0865,20.049,1.2269e-18,5.1712e-17,0,2.3903e-12,1,0.00297,0.0015,0.00297,5e-06
1.875e-08,2.5e-16,29.927,0.79844,1.9855e-05,0.20003,8.8937e-05,0.0499,0.01496,3.5411e-09,0.19957,1.7216e-26,2.7181e-13,1.5641e-14,0,8.3083e-12,7.7647e-12,1.06e-13,1.7911e-10,1.0063e-10,2.2851e-12,0,0,0,1,3,4.4707e-12,-9.1159,20.049,1.2269e-18,5.1744e-17,0,2.3911e-12,1,0.002973,0.0015,0.002973,5e-06
1.8756e-08,2.5e-16,29.975,0.79861,1.9871e-05,0.20003,8.1277e-05,0.049911,0.014964,3.5423e-09,0.19962,2.0494e-26,3.7309e-13,1.8089e-14,0,8.3083e-12,7.7647e-12,1.06e-13,1.7918e-10,1.0066e-10,2.286e-12,0,0,0,1,3,4.4734e-12,-9.1454,20.049,1.2269e-18,5.1775e-17,0,2.392e-12,1,0.002976,0.0015,0.002976,5e-06
1.876e-08,2.5e-16,30.002,0.79879,1.9887e-05,0.20003,7.3618e-05,0.049922,0.014969,3.543e-09,0.19967,2.2214e-26,2.3547e-13,2.0515e-14,0,8.3083e-12,7.7647e-12,1.06e-13,1.7922e-10,1.0068e-10,2.2865e-12,0,0,0,1,3,4.475e-12,-9.1748,20.049,1.2269e-18,5.1793e-17,0,2.3925e-12,1,0.002979,0.0015,0.002979,5e-06
1.8762e-08,2.5e-16,30.008,0.79896,1.9903e-05,0.20002,6.5958e-05,0.049933,0.014973,3.5432e-09,0.19971,2.2376e-26,-1.4102e-13,2.2919e-14,0,8.3083e-12,7.7647e-12,1.06e-13,1.7923e-10,1.0069e-10,2.2866e-12,0,0,0,1,3,4.4754e-12,-9.2042,20.049,1.2269e-18,5.1799e-17,0,2.3926e-12,1,0.002982,0.0015,0.002982,5e-06
1.8763e-08,2.5e-16,30.014,0.79913,1.9919e-05,0.20002,5.8299e-05,0.049944,0.014978,3.5435e-09,0.19976,2.2538e-26,-5.1748e-13,2.5323e-14,0,8.3083e-12,7.7647e-12,1.06e-13,1.7924e-10,1.007e-10,2.2868e-12,0,0,0,1,3,4.4759e-12,-9.2337,20.049,1.2269e-18,5.1804e-17,0,2.3928e-12,1,0.002985,0.0015,0.002985,5e-06
1.8763e-08,2.5e-16,30.009,0.79931,1.9936e-05,0.20002,5.0639e-05,0.049955,0.014982,3.5434e-09,0.19981,1.9426e-26,-2.4847e-12,2.5631e-14,0,8.3083e-12,7.7648e-12,1.06e-13,1.7924e-10,1.007e-10,2.2868e-12,0,0,0,1,3,4.4757e-12,-9.2631,20.049,1.2269e-18,5.1802e-17,0,2.3928e-12,1,0.002988,0.0015,0.002988,5e-06
1.8762e-08,2.5e-16,30.004,0.79948,1.9952e-05,0.20001,4.2979e-05,0.049967,0.014987,3.5434e-09,0.19986,1.6315e-26,-4.4519e-12,2.5939e-14,0,8.3083e-12,7.7648e-12,1.06e-13,1.7924e-10,1.0069e-10,2.2867e-12,0,0,0,1,3,4.4755e-12,-9.2925,20.049,1.2269e-18,5.18e-17,0,2.3927e-12,1,0.002991,0.0015,0.002991,5e-06
1.8762e-08,2.5e-16,30.002,0.79965,1.9968e-05,0.20001,3.532e-05,0.049978,0.014991,3.5433e-09,0.1999,1.2032e-26,-6.1905e-12,2.5867e-14,0,8.3083e-12,7.7648e-12,1.06e-13,1.7923e-10,1.0069e-10,2.2867e-12,0,0,0,1,3,4.4754e-12,-9.322,20.049,1.2269e-18,5.1799e-17,0,2.3927e-12,1,0.002994,0.0015,0.002994,5e-06
1.8762e-08,2.5e-16,30.001,0.79983,1.9984e-05,0.2,2.766e-05,0.049989,0.014996,3.5433e-09,0.19995,6.5775e-27,-7.7004e-12,2.5416e-14,0,8.3083e-12,7.7648e-12,1.06e-13,1.7923e-10,1.0069e-10,2.2867e-12,0,0,0,1,3,4.4754e-12,-9.3514,20.049,1.2269e-18,5.1798e-17,0,2.3927e-12,1,0.002997,0.0015,0.002997,5e-06
1.8762e-08,2.5e-16,30,0.8,2e-05,0.2,2e-05,0.05,0.015,3.5433e-09,0.2,1.1232e-27,-9.2104e-12,2.4964e-14,0,8.3083e-12,7.7648e-12,1.06e-13,1.7923e-10,1.0069e-10,2.2867e-12,0,0,0,1,3,4.4753e-12,-9.3808,20.049,1.2269e-18,5.1798e-17,0,2.3927e-12,1,0.003,0.0015,0.003,5e-06
